450.00	91.00	31.00	37.00
445.92	95.08	31.00	37.00
441.85	99.15	30.00	36.00
436.22	103.05	30.00	36.00
434.49	105.21	30.00	36.00
428.86	107.38	30.00	36.00
423.23	109.11	30.00	36.00
419.34	109.11	30.00	36.00
415.44	113.00	30.00	36.00
410.82	115.74	29.00	35.00
410.82	115.74	29.00	35.00
408.11	116.44	30.00	36.00
405.95	118.17	30.00	36.00
402.48	119.90	30.00	36.00
402.48	121.63	30.00	36.00
400.32	123.80	30.00	36.00
398.59	125.53	30.00	36.00
394.69	127.69	30.00	36.00
396.86	131.16	30.00	36.00
387.33	142.41	30.00	36.00
385.60	144.14	30.00	36.00
383.44	147.61	30.00	36.00
383.44	145.88	30.00	36.00
377.94	154.23	29.00	35.00
378.65	141.73	30.00	36.00
374.75	141.73	30.00	36.00
370.42	149.52	31.00	37.00
364.54	147.71	31.00	37.00
368.61	141.82	31.00	37.00
369.42	136.74	32.00	38.00
367.59	130.77	32.00	38.00
367.59	130.77	32.00	38.00
367.59	132.15	32.00	38.00
367.13	133.07	32.00	38.00
365.29	133.07	32.00	38.00
365.29	133.07	32.00	38.00
377.70	139.04	32.00	38.00
377.70	139.04	32.00	38.00
377.70	139.04	32.00	38.00
367.59	147.31	32.00	38.00
371.72	147.31	32.00	38.00
367.59	147.31	32.00	38.00
368.59	148.31	31.00	37.00
366.77	148.31	31.00	37.00
366.77	150.13	31.00	37.00
368.59	150.13	31.00	37.00
366.77	146.50	31.00	37.00
359.89	143.69	32.00	38.00
359.89	143.69	32.00	38.00
361.72	145.53	32.00	38.00
361.72	143.69	32.00	38.00
361.72	145.99	32.00	38.00
364.02	150.12	32.00	38.00
365.86	162.07	32.00	38.00
368.16	162.07	32.00	38.00
368.16	163.91	32.00	38.00
368.16	169.89	32.00	38.00
368.16	163.91	32.00	38.00
370.46	165.75	32.00	38.00
370.46	167.59	32.00	38.00
370.46	165.75	32.00	38.00
370.46	167.59	32.00	38.00
372.29	167.59	32.00	38.00
375.13	166.75	31.00	37.00
371.06	162.67	31.00	37.00
373.32	162.67	31.00	37.00
371.51	162.67	31.00	37.00
371.51	162.67	31.00	37.00
371.51	166.75	31.00	37.00
375.59	178.52	31.00	37.00
377.40	180.34	31.00	37.00
377.40	180.34	31.00	37.00
379.21	180.34	31.00	37.00
377.40	180.34	31.00	37.00
377.40	182.60	31.00	37.00
377.40	182.60	31.00	37.00
373.32	181.69	31.00	37.00
374.68	183.51	31.00	37.00
374.68	181.24	31.00	37.00
374.68	181.24	31.00	37.00
372.87	177.17	31.00	37.00
372.87	177.17	31.00	37.00
370.96	176.17	32.00	38.00
370.96	176.17	32.00	38.00
370.96	178.46	32.00	38.00
372.80	188.57	32.00	38.00
370.50	186.74	32.00	38.00
370.50	186.74	32.00	38.00
369.12	188.57	32.00	38.00
369.12	188.57	32.00	38.00
369.12	188.57	32.00	38.00
369.12	188.57	32.00	38.00
369.12	188.57	32.00	38.00
368.21	188.57	32.00	38.00
368.21	188.57	32.00	38.00
366.37	190.41	32.00	38.00
366.37	190.41	32.00	38.00
366.37	192.25	32.00	38.00
364.07	192.25	32.00	38.00
362.23	192.25	32.00	38.00
362.23	192.25	32.00	38.00
360.39	192.25	32.00	38.00
360.39	192.25	32.00	38.00
360.39	192.25	32.00	38.00
358.55	192.25	32.00	38.00
356.72	192.25	32.00	38.00
356.72	192.25	32.00	38.00
356.72	190.41	32.00	38.00
354.88	192.25	32.00	38.00
354.88	190.41	32.00	38.00
354.88	190.41	32.00	38.00
352.58	190.41	32.00	38.00
352.12	190.41	32.00	38.00
352.12	190.41	32.00	38.00
350.28	190.41	32.00	38.00
350.28	190.41	32.00	38.00
350.28	190.41	32.00	38.00
348.44	190.41	32.00	38.00
348.44	188.57	32.00	38.00
346.61	186.74	32.00	38.00
344.77	186.74	32.00	38.00
344.77	184.90	32.00	38.00
344.77	184.90	32.00	38.00
344.77	184.90	32.00	38.00
342.93	184.90	32.00	38.00
342.93	184.90	32.00	38.00
342.93	172.49	32.00	38.00
336.96	164.22	32.00	38.00
336.96	172.03	33.00	39.00
337.87	175.35	34.00	40.00
337.87	164.65	34.00	40.00
335.93	173.40	34.00	41.00
335.93	172.40	35.00	42.00
337.97	172.40	35.00	42.00
334.93	163.23	36.00	43.00
334.93	165.35	36.00	43.00
334.93	165.35	36.00	43.00
337.58	163.23	36.00	43.00
337.58	163.23	36.00	43.00
335.46	163.23	36.00	43.00
338.11	165.35	36.00	43.00
335.99	164.35	37.00	44.00
352.61	144.51	37.00	44.00
352.61	146.66	37.00	44.00
352.61	163.28	37.00	44.00
342.49	163.28	38.00	45.00
332.48	163.28	38.00	45.00
335.26	162.28	39.00	46.00
335.26	162.28	39.00	46.00
335.26	162.28	39.00	46.00
335.26	164.53	39.00	46.00
342.58	169.59	39.00	46.00
335.26	169.59	39.00	46.00
317.82	161.71	39.00	47.00
319.08	160.71	40.00	48.00
316.73	160.71	40.00	48.00
316.73	160.71	40.00	48.00
319.08	160.71	40.00	48.00
311.46	178.88	41.00	49.00
311.46	181.25	41.00	49.00
316.80	175.92	41.00	49.00
321.54	178.29	41.00	49.00
316.80	167.62	41.00	49.00
316.80	159.91	41.00	49.00
319.17	159.91	41.00	49.00
316.20	159.91	41.00	49.00
318.57	162.28	40.00	48.00
318.57	162.28	40.00	48.00
318.57	162.28	40.00	48.00
318.57	162.28	40.00	48.00
318.57	162.28	40.00	48.00
318.57	162.28	40.00	48.00
318.57	162.28	40.00	48.00
318.57	162.28	40.00	48.00
318.57	162.28	40.00	48.00
318.57	162.28	40.00	48.00
318.57	162.28	40.00	48.00
318.57	162.28	40.00	48.00
318.57	162.28	40.00	48.00
318.57	165.22	40.00	48.00
318.57	162.87	40.00	48.00
318.57	159.94	40.00	48.00
318.57	159.94	40.00	48.00
318.57	159.94	40.00	48.00
331.47	154.67	40.00	48.00
332.64	154.67	40.00	48.00
330.29	154.67	40.00	48.00
330.29	152.32	40.00	48.00
330.29	152.32	40.00	48.00
330.29	152.32	40.00	48.00
330.29	152.32	40.00	48.00
330.29	152.32	40.00	48.00
330.29	152.32	40.00	48.00
330.29	152.32	40.00	48.00
330.29	152.32	40.00	48.00
330.29	149.98	40.00	48.00
330.29	147.63	40.00	48.00
330.29	145.29	40.00	48.00
330.29	145.29	40.00	48.00
330.29	145.29	40.00	48.00
330.29	145.29	40.00	48.00
330.29	145.29	40.00	48.00
330.29	145.29	40.00	48.00
330.29	145.29	40.00	48.00
330.29	145.29	40.00	48.00
330.29	145.29	40.00	48.00
330.29	145.29	40.00	48.00
330.29	145.29	40.00	48.00
330.29	142.94	40.00	48.00
330.29	140.60	40.00	48.00
330.29	137.67	40.00	48.00
330.29	135.33	40.00	48.00
330.29	132.98	40.00	48.00
330.29	130.64	40.00	48.00
330.29	130.64	40.00	48.00
330.29	130.64	40.00	48.00
330.29	130.64	40.00	48.00
330.29	128.29	40.00	48.00
330.29	128.29	40.00	48.00
330.29	128.29	40.00	48.00
330.29	125.95	40.00	48.00
330.29	123.60	41.00	49.00
330.29	123.60	41.00	49.00
330.29	121.23	41.00	49.00
330.29	121.23	41.00	49.00
329.29	117.27	42.00	50.00
329.29	117.27	42.00	50.00
329.29	114.82	42.00	50.00
329.29	112.37	42.00	50.00
329.29	112.37	42.00	50.00
329.29	112.37	42.00	50.00
329.29	109.92	42.00	50.00
329.29	109.92	42.00	50.00
329.29	109.92	42.00	50.00
329.29	107.47	42.00	50.00
329.29	107.47	42.00	50.00
329.29	107.47	42.00	50.00
329.29	107.47	42.00	50.00
329.29	105.02	42.00	50.00
329.29	102.56	42.00	50.00
329.29	102.56	42.00	50.00
329.29	100.11	42.00	50.00
329.29	100.11	42.00	50.00
329.29	97.66	42.00	50.00
329.29	95.21	42.00	50.00
329.29	95.21	42.00	50.00
329.29	92.76	43.00	51.00
329.29	90.28	43.00	51.00
329.29	87.19	43.00	51.00
329.29	87.19	43.00	51.00
329.29	84.09	43.00	51.00
329.29	80.61	43.00	52.00
328.29	78.07	44.00	53.00
328.29	78.07	44.00	53.00
328.29	78.07	44.00	53.00
328.29	75.50	44.00	53.00
328.29	75.50	44.00	53.00
328.29	72.93	44.00	53.00
328.29	70.35	44.00	53.00
328.29	70.35	44.00	53.00
328.29	67.78	44.00	53.00
328.29	67.78	44.00	53.00
328.29	65.21	44.00	53.00
328.29	65.21	44.00	53.00
328.29	62.64	44.00	53.00
328.29	62.64	44.00	53.00
328.29	62.64	44.00	53.00
328.29	60.07	44.00	53.00
328.29	60.07	44.00	53.00
328.29	60.07	44.00	53.00
328.29	57.50	44.00	53.00
328.29	57.50	44.00	53.00
328.29	57.50	44.00	53.00
328.29	54.93	44.00	53.00
328.29	54.93	44.00	53.00
328.29	54.93	44.00	53.00
328.29	54.93	44.00	53.00
328.29	54.93	44.00	53.00
328.29	54.93	44.00	53.00
328.29	52.36	44.00	53.00
328.29	52.36	44.00	53.00
328.29	52.36	44.00	53.00
328.29	52.36	44.00	53.00
328.29	52.36	44.00	53.00
328.29	52.36	44.00	53.00
328.29	51.08	44.00	53.00
328.29	51.08	44.00	53.00
328.29	51.08	44.00	53.00
328.29	51.08	44.00	53.00
328.29	51.08	44.00	53.00
328.29	51.08	44.00	53.00
328.29	51.08	44.00	53.00
328.29	51.08	44.00	53.00
328.29	51.08	44.00	53.00
328.29	51.08	44.00	53.00
328.29	51.08	44.00	53.00
328.29	51.08	44.00	53.00
328.29	51.08	44.00	53.00
328.29	51.08	44.00	53.00
328.29	51.08	44.00	53.00
328.29	51.08	44.00	53.00
328.29	51.08	44.00	53.00
328.29	51.08	44.00	53.00
328.29	51.08	44.00	53.00
328.29	51.08	44.00	53.00
328.29	53.65	44.00	53.00
328.29	53.65	44.00	53.00
328.29	53.65	44.00	53.00
328.29	53.65	44.00	53.00
328.29	56.22	44.00	53.00
328.29	56.22	44.00	53.00
328.29	56.22	44.00	53.00
328.29	56.22	44.00	53.00
328.29	58.79	44.00	53.00
328.29	58.79	44.00	53.00
328.29	61.36	44.00	53.00
328.29	61.36	44.00	53.00
328.29	61.36	44.00	53.00
328.29	63.93	44.00	53.00
328.29	63.93	44.00	53.00
328.29	66.50	44.00	53.00
328.29	66.50	44.00	53.00
328.29	69.07	44.00	53.00
328.29	69.07	44.00	53.00
328.29	71.64	44.00	53.00
328.29	74.21	44.00	53.00
328.29	74.21	44.00	53.00
328.29	76.78	44.00	53.00
328.29	79.35	44.00	53.00
328.29	79.35	44.00	53.00
328.29	81.92	44.00	53.00
328.29	85.14	44.00	53.00
328.29	85.14	44.00	53.00
328.29	88.35	44.00	53.00
328.29	91.56	44.00	53.00
328.29	94.78	44.00	53.00
328.29	97.99	44.00	53.00
328.29	100.56	44.00	53.00
325.08	100.56	44.00	53.00
319.30	100.56	44.00	53.00
316.73	100.56	44.00	53.00
310.94	96.99	45.00	54.00
302.33	105.60	45.00	54.00
296.36	102.95	45.00	54.00
293.71	102.95	45.00	54.00
287.75	102.95	45.00	54.00
278.47	105.60	45.00	54.00
272.51	105.60	45.00	54.00
272.51	103.95	44.00	53.00
266.73	103.95	44.00	53.00
264.16	106.52	44.00	53.00
258.37	106.52	44.00	53.00
259.37	106.52	43.00	52.00
261.92	103.34	43.00	52.00
267.00	100.80	43.00	52.00
267.00	98.26	43.00	52.00
267.00	95.71	43.00	52.00
263.82	95.71	43.00	52.00
261.28	95.71	43.00	52.00
261.28	93.17	43.00	52.00
258.74	93.17	43.00	52.00
258.74	91.26	43.00	52.00
256.19	91.26	43.00	52.00
256.19	88.72	43.00	52.00
256.19	86.17	43.00	52.00
256.19	83.63	43.00	52.00
258.74	80.45	43.00	52.00
258.74	77.90	43.00	52.00
256.19	77.90	43.00	52.00
253.65	77.90	43.00	52.00
251.10	77.90	43.00	52.00
247.92	77.90	43.00	52.00
250.47	74.72	43.00	52.00
256.19	69.00	43.00	52.00
256.19	69.00	43.00	52.00
256.19	66.46	43.00	52.00
258.74	63.91	43.00	52.00
258.74	61.37	43.00	52.00
258.74	61.37	43.00	52.00
258.74	58.83	43.00	52.00
258.74	58.83	43.00	52.00
256.83	56.28	43.00	52.00
256.83	56.28	43.00	52.00
256.83	56.28	43.00	52.00
256.83	53.74	43.00	52.00
253.65	53.74	43.00	52.00
250.47	53.74	43.00	52.00
247.92	53.74	43.00	52.00
244.74	53.74	43.00	52.00
241.56	51.19	43.00	52.00
233.30	53.74	43.00	52.00
227.57	53.74	43.00	52.00
219.31	56.28	43.00	52.00
210.40	59.46	43.00	52.00
204.68	62.01	43.00	52.00
196.41	62.01	43.00	52.00
198.96	53.74	43.00	52.00
190.69	56.28	43.00	52.00
182.42	56.28	43.00	52.00
174.15	56.28	43.00	52.00
165.89	53.74	43.00	52.00
155.07	53.74	43.00	52.00
144.26	51.19	43.00	52.00
136.00	51.19	43.00	52.00
119.46	51.19	43.00	52.00
111.19	37.20	43.00	52.00
99.75	28.30	43.00	52.00
85.75	22.58	43.00	52.00
