246.00	226.00	94.00	114.00
246.00	232.93	94.00	114.00
245.00	237.47	96.00	116.00
246.00	238.47	94.00	114.00
247.00	239.47	92.00	112.00
251.43	243.90	94.00	114.00
251.43	243.90	94.00	114.00
256.97	243.90	94.00	114.00
251.43	243.90	94.00	114.00
256.97	243.90	94.00	114.00
256.97	243.90	94.00	114.00
256.97	243.90	94.00	114.00
262.51	243.90	94.00	114.00
263.51	239.36	92.00	112.00
267.95	238.36	94.00	114.00
267.95	238.36	94.00	114.00
266.95	237.36	96.00	116.00
273.59	232.71	94.00	114.00
280.13	228.17	92.00	112.00
284.57	232.60	94.00	114.00
276.64	231.60	96.00	116.00
269.58	220.31	96.00	116.00
275.23	213.25	96.00	116.00
280.88	207.61	96.00	116.00
293.58	200.55	96.00	116.00
313.35	200.55	96.00	116.00
326.05	200.55	96.00	116.00
320.41	206.19	96.00	116.00
313.35	211.84	96.00	116.00
300.64	217.49	96.00	116.00
280.88	217.49	96.00	116.00
261.11	217.49	96.00	116.00
261.11	211.84	96.00	116.00
273.82	204.78	96.00	116.00
292.17	199.13	96.00	116.00
316.17	199.13	96.00	116.00
333.53	203.78	98.00	119.00
339.29	210.99	98.00	119.00
326.32	223.96	98.00	119.00
300.37	236.94	98.00	119.00
268.65	236.94	98.00	119.00
242.70	229.73	98.00	119.00
236.94	210.99	98.00	119.00
261.44	205.22	98.00	119.00
280.18	198.01	98.00	119.00
298.93	198.01	98.00	119.00
324.88	203.78	98.00	119.00
330.64	209.55	98.00	119.00
306.13	221.08	98.00	119.00
287.39	221.08	98.00	119.00
274.42	208.11	98.00	119.00
274.42	202.34	98.00	119.00
294.16	197.57	96.00	116.00
317.16	202.22	98.00	119.00
329.13	206.99	100.00	121.00
329.13	206.99	100.00	121.00
315.45	207.99	98.00	119.00
276.97	212.75	100.00	121.00
238.79	201.01	100.00	121.00
212.36	193.67	100.00	121.00
218.23	180.45	100.00	121.00
238.79	167.24	100.00	121.00
258.35	158.89	102.00	123.00
277.78	166.37	102.00	123.00
292.24	188.30	100.00	121.00
292.24	214.73	100.00	121.00
279.02	235.29	100.00	121.00
265.81	235.29	100.00	121.00
258.47	222.07	100.00	121.00
258.47	201.51	100.00	121.00
264.34	195.64	100.00	121.00
277.56	208.86	100.00	121.00
277.56	233.82	100.00	121.00
264.34	260.25	100.00	121.00
257.00	273.46	100.00	121.00
244.78	255.37	98.00	119.00
238.58	218.89	96.00	116.00
251.28	176.54	96.00	116.00
262.99	162.83	98.00	119.00
283.17	181.57	98.00	119.00
301.91	213.29	98.00	119.00
288.94	252.21	98.00	119.00
270.20	276.72	98.00	119.00
238.48	276.72	98.00	119.00
219.74	250.77	98.00	119.00
225.50	211.85	98.00	119.00
237.48	197.87	100.00	121.00
269.78	216.96	100.00	121.00
295.74	244.39	98.00	119.00
301.51	276.11	98.00	119.00
282.77	294.85	98.00	119.00
256.82	289.08	98.00	119.00
230.87	263.13	98.00	119.00
235.64	230.42	100.00	121.00
267.94	217.20	100.00	121.00
300.24	230.42	100.00	121.00
332.55	243.63	100.00	121.00
345.76	255.38	100.00	121.00
338.42	261.25	100.00	121.00
306.12	261.25	100.00	121.00
260.60	255.38	100.00	121.00
222.42	248.04	100.00	121.00
178.37	234.82	100.00	121.00
165.16	228.95	100.00	121.00
191.59	215.73	100.00	121.00
231.23	196.65	100.00	121.00
263.54	183.43	100.00	121.00
294.84	169.22	102.00	123.00
302.31	155.76	102.00	123.00
282.88	155.76	102.00	123.00
263.44	155.76	102.00	123.00
249.99	149.78	102.00	123.00
255.97	149.78	102.00	123.00
276.90	155.76	102.00	123.00
315.77	169.22	102.00	123.00
335.20	188.65	102.00	123.00
342.68	188.65	102.00	123.00
323.24	188.65	102.00	123.00
282.88	188.65	102.00	123.00
227.56	182.67	102.00	123.00
181.22	169.22	102.00	123.00
161.78	169.22	102.00	123.00
188.69	176.69	102.00	123.00
241.02	184.17	102.00	123.00
279.89	197.62	102.00	123.00
320.25	203.60	102.00	123.00
347.17	203.60	102.00	123.00
327.73	197.62	102.00	123.00
294.84	191.64	102.00	123.00
255.97	172.21	102.00	123.00
223.08	145.30	102.00	123.00
229.06	131.84	102.00	123.00
247.49	129.84	104.00	126.00
268.32	151.66	102.00	123.00
281.77	184.55	102.00	123.00
292.24	217.44	102.00	123.00
272.80	236.88	102.00	123.00
251.87	242.86	102.00	123.00
232.44	229.41	102.00	123.00
226.46	202.49	102.00	123.00
247.39	177.08	102.00	123.00
272.80	171.10	102.00	123.00
284.76	190.53	102.00	123.00
292.24	217.44	102.00	123.00
290.74	263.79	102.00	123.00
283.27	290.70	102.00	123.00
283.27	298.18	102.00	123.00
284.27	279.74	100.00	121.00
290.14	234.22	100.00	121.00
296.48	178.89	102.00	123.00
296.48	132.55	102.00	123.00
289.01	132.55	102.00	123.00
281.53	172.91	102.00	123.00
281.53	226.74	102.00	123.00
296.48	265.61	102.00	123.00
302.46	292.52	102.00	123.00
316.92	314.45	100.00	121.00
316.92	260.12	100.00	121.00
311.04	205.79	100.00	121.00
299.30	151.46	100.00	121.00
298.30	150.46	102.00	123.00
292.32	196.81	102.00	123.00
292.32	250.63	102.00	123.00
317.73	304.45	102.00	123.00
317.73	310.43	102.00	123.00
311.26	278.54	100.00	121.00
311.26	233.02	100.00	121.00
311.26	178.69	100.00	121.00
302.92	164.48	102.00	123.00
295.44	183.91	102.00	123.00
295.44	237.73	102.00	123.00
295.44	290.06	102.00	123.00
287.97	309.50	102.00	123.00
280.49	309.50	102.00	123.00
286.47	288.57	102.00	123.00
279.00	263.15	102.00	123.00
273.02	249.69	102.00	123.00
273.02	249.69	102.00	123.00
253.58	263.15	102.00	123.00
231.65	280.59	104.00	126.00
205.73	294.31	104.00	126.00
192.00	306.51	104.00	126.00
192.00	306.51	104.00	126.00
220.45	300.88	102.00	123.00
253.34	294.90	102.00	123.00
278.76	288.92	102.00	123.00
311.65	282.94	102.00	123.00
325.10	282.94	102.00	123.00
319.12	276.96	102.00	123.00
293.71	269.49	102.00	123.00
254.84	256.03	102.00	123.00
221.95	242.58	102.00	123.00
194.04	240.58	104.00	126.00
180.31	234.48	104.00	126.00
200.13	228.38	104.00	126.00
233.68	222.28	104.00	126.00
268.76	214.65	104.00	126.00
316.03	207.03	104.00	126.00
343.48	200.93	104.00	126.00
357.20	200.93	104.00	126.00
344.48	196.83	102.00	123.00
311.59	196.83	102.00	123.00
272.71	190.85	102.00	123.00
233.84	178.89	102.00	123.00
220.39	159.46	102.00	123.00
239.82	146.00	102.00	123.00
278.69	151.98	102.00	123.00
305.60	157.96	102.00	123.00
332.52	163.94	102.00	123.00
338.50	163.94	102.00	123.00
305.60	157.96	102.00	123.00
266.73	151.98	102.00	123.00
238.82	144.00	104.00	126.00
224.10	143.00	106.00	128.00
245.27	150.21	104.00	126.00
286.44	170.03	104.00	126.00
313.89	189.85	104.00	126.00
333.71	197.48	104.00	126.00
339.81	211.20	104.00	126.00
319.99	218.83	104.00	126.00
291.02	232.55	104.00	126.00
263.57	240.18	104.00	126.00
243.75	232.55	104.00	126.00
243.75	206.63	104.00	126.00
277.29	192.90	104.00	126.00
311.84	194.90	102.00	123.00
344.73	208.36	102.00	123.00
371.64	214.34	102.00	123.00
365.66	214.34	102.00	123.00
319.32	200.88	102.00	123.00
272.97	187.43	102.00	123.00
245.06	165.99	104.00	126.00
238.96	152.27	104.00	126.00
272.51	146.17	104.00	126.00
298.43	158.37	104.00	126.00
324.35	178.19	104.00	126.00
350.28	191.92	104.00	126.00
342.65	205.64	104.00	126.00
309.11	201.07	104.00	126.00
261.83	193.44	104.00	126.00
214.56	173.62	104.00	126.00
173.39	153.79	104.00	126.00
152.57	145.17	106.00	128.00
158.77	137.41	106.00	128.00
192.91	131.21	106.00	128.00
227.04	138.96	106.00	128.00
259.63	159.13	106.00	128.00
293.76	193.27	106.00	128.00
314.93	222.20	104.00	126.00
322.56	248.12	104.00	126.00
295.11	267.95	104.00	126.00
247.84	274.04	104.00	126.00
208.19	266.42	104.00	126.00
180.74	238.97	104.00	126.00
194.46	205.42	104.00	126.00
234.11	179.50	104.00	126.00
261.56	179.50	104.00	126.00
282.91	206.95	104.00	126.00
302.73	228.30	104.00	126.00
301.73	253.22	106.00	128.00
281.56	259.43	106.00	128.00
246.88	246.46	104.00	126.00
213.33	212.92	104.00	126.00
207.23	165.64	104.00	126.00
240.78	138.19	104.00	126.00
274.32	150.39	104.00	126.00
307.87	183.94	104.00	126.00
335.32	217.49	104.00	126.00
341.42	244.94	104.00	126.00
313.97	251.04	104.00	126.00
257.55	243.41	104.00	126.00
201.13	223.59	104.00	126.00
173.68	190.04	104.00	126.00
186.40	163.12	106.00	128.00
234.50	149.15	106.00	128.00
268.64	149.15	106.00	128.00
302.77	169.32	106.00	128.00
322.94	183.29	106.00	128.00
315.19	195.70	106.00	128.00
301.22	208.11	106.00	128.00
274.85	201.91	106.00	128.00
226.75	180.19	106.00	128.00
212.78	158.46	106.00	128.00
246.92	150.71	106.00	128.00
295.02	150.71	106.00	128.00
336.91	170.88	106.00	128.00
364.84	184.84	106.00	128.00
364.84	184.84	106.00	128.00
336.91	178.63	106.00	128.00
302.77	170.88	106.00	128.00
254.67	156.91	106.00	128.00
206.57	150.71	106.00	128.00
197.82	149.71	108.00	131.00
218.55	149.71	108.00	131.00
253.64	156.08	108.00	131.00
295.10	162.46	108.00	131.00
342.95	175.22	108.00	131.00
385.41	176.22	106.00	128.00
399.38	183.98	106.00	128.00
386.96	183.98	106.00	128.00
352.83	171.57	106.00	128.00
297.97	158.60	104.00	126.00
241.55	144.88	104.00	126.00
185.13	137.25	104.00	126.00
127.71	136.25	106.00	128.00
106.53	141.46	108.00	131.00
120.89	147.84	108.00	131.00
162.35	154.22	108.00	131.00
211.79	154.22	108.00	131.00
269.21	160.60	108.00	131.00
327.62	167.98	106.00	128.00
367.96	181.94	106.00	128.00
388.13	188.15	106.00	128.00
380.38	188.15	106.00	128.00
346.24	180.39	106.00	128.00
305.90	172.63	106.00	128.00
265.56	152.46	106.00	128.00
250.59	145.26	108.00	131.00
256.97	151.64	108.00	131.00
292.06	164.39	108.00	131.00
327.14	178.75	108.00	131.00
363.23	187.72	106.00	128.00
383.40	195.48	106.00	128.00
383.40	204.79	106.00	128.00
369.44	218.75	106.00	128.00
361.68	245.13	106.00	128.00
349.27	265.30	106.00	128.00
341.51	265.30	106.00	128.00
330.09	239.92	104.00	126.00
316.37	192.65	104.00	126.00
297.55	138.23	102.00	123.00
301.53	102.34	106.00	128.00
294.32	87.38	108.00	131.00
286.35	111.30	108.00	131.00
279.97	160.74	108.00	131.00
279.97	218.15	108.00	131.00
287.94	259.62	108.00	131.00
287.94	275.56	108.00	131.00
288.94	262.21	106.00	128.00
289.94	229.08	104.00	126.00
296.04	172.65	104.00	126.00
302.14	125.38	104.00	126.00
295.04	110.66	106.00	128.00
287.28	124.62	106.00	128.00
273.32	172.72	106.00	128.00
274.32	229.58	104.00	126.00
267.22	268.23	106.00	128.00
267.22	268.23	106.00	128.00
282.18	228.89	104.00	126.00
295.91	181.61	104.00	126.00
294.91	153.17	106.00	128.00
308.87	146.96	106.00	128.00
315.08	154.72	106.00	128.00
287.70	173.89	108.00	131.00
273.35	180.27	108.00	131.00
266.37	160.53	106.00	128.00
274.13	138.81	106.00	128.00
288.10	138.81	106.00	128.00
302.06	172.95	106.00	128.00
336.20	207.08	106.00	128.00
342.40	233.46	106.00	128.00
322.23	241.22	106.00	128.00
300.51	227.25	106.00	128.00
275.13	170.84	104.00	126.00
260.41	128.67	106.00	128.00
274.37	128.67	106.00	128.00
309.51	171.57	104.00	126.00
335.43	211.21	104.00	126.00
343.05	231.04	104.00	126.00
315.61	224.94	104.00	126.00
282.06	191.39	104.00	126.00
264.76	136.97	102.00	123.00
270.24	114.53	106.00	128.00
298.16	134.70	106.00	128.00
326.09	176.60	106.00	128.00
346.26	204.53	106.00	128.00
332.30	218.49	106.00	128.00
298.16	212.28	106.00	128.00
256.27	192.11	106.00	128.00
229.89	170.39	106.00	128.00
229.89	156.43	106.00	128.00
243.86	162.63	106.00	128.00
274.89	182.80	106.00	128.00
301.27	209.18	106.00	128.00
315.23	223.14	106.00	128.00
315.23	229.35	106.00	128.00
301.27	229.35	106.00	128.00
267.13	215.39	106.00	128.00
259.37	195.22	106.00	128.00
279.54	201.42	106.00	128.00
313.68	209.18	106.00	128.00
333.85	223.14	106.00	128.00
346.26	229.35	106.00	128.00
338.51	216.94	106.00	128.00
304.37	209.18	106.00	128.00
277.99	189.01	106.00	128.00
264.03	175.04	106.00	128.00
277.99	168.84	106.00	128.00
311.13	167.84	108.00	131.00
317.51	175.81	108.00	131.00
324.89	184.79	106.00	128.00
324.89	190.99	106.00	128.00
290.75	190.99	106.00	128.00
250.41	177.03	106.00	128.00
222.48	163.06	106.00	128.00
208.52	150.65	106.00	128.00
236.45	158.41	106.00	128.00
270.58	178.58	106.00	128.00
284.55	192.54	106.00	128.00
310.92	206.51	106.00	128.00
310.92	212.72	106.00	128.00
289.20	206.51	106.00	128.00
269.03	192.54	106.00	128.00
255.06	178.58	106.00	128.00
281.44	184.79	106.00	128.00
315.58	198.75	106.00	128.00
329.54	212.72	106.00	128.00
337.30	218.92	106.00	128.00
323.34	206.51	106.00	128.00
301.61	192.54	106.00	128.00
267.48	178.58	106.00	128.00
253.51	172.37	106.00	128.00
267.48	178.58	106.00	128.00
295.41	186.34	106.00	128.00
315.58	206.51	106.00	128.00
335.75	206.51	106.00	128.00
335.75	194.10	106.00	128.00
308.82	181.13	104.00	126.00
282.90	155.21	104.00	126.00
270.70	135.38	104.00	126.00
270.70	135.38	104.00	126.00
277.80	163.31	102.00	123.00
277.80	188.72	102.00	123.00
277.80	202.18	102.00	123.00
265.84	208.16	102.00	123.00
246.40	202.18	102.00	123.00
232.95	188.72	102.00	123.00
225.47	188.72	102.00	123.00
243.91	198.68	104.00	126.00
283.55	218.51	104.00	126.00
311.00	238.33	104.00	126.00
336.92	245.96	104.00	126.00
343.02	245.96	104.00	126.00
328.30	238.86	106.00	128.00
314.34	231.10	106.00	128.00
300.92	222.34	108.00	131.00
292.95	222.34	108.00	131.00
285.57	226.72	110.00	134.00
292.07	233.22	110.00	134.00
285.57	233.22	110.00	134.00
277.45	226.72	110.00	134.00
262.82	212.10	110.00	134.00
254.70	203.97	110.00	134.00
261.20	210.47	110.00	134.00
282.32	225.09	110.00	134.00
303.44	225.09	110.00	134.00
316.44	225.09	110.00	134.00
309.94	216.97	110.00	134.00
301.82	195.85	110.00	134.00
295.32	168.23	110.00	134.00
301.82	168.23	110.00	134.00
316.44	182.85	110.00	134.00
329.44	203.97	110.00	134.00
335.94	216.97	110.00	134.00
330.44	218.97	108.00	131.00
309.70	212.59	108.00	131.00
288.97	191.86	108.00	131.00
274.62	156.77	108.00	131.00
260.86	134.04	110.00	134.00
267.36	148.66	110.00	134.00
270.61	184.41	110.00	134.00
270.61	205.53	110.00	134.00
262.48	220.15	110.00	134.00
268.98	212.03	110.00	134.00
290.10	203.90	110.00	134.00
312.85	218.52	110.00	134.00
333.97	225.02	110.00	134.00
340.47	218.52	110.00	134.00
312.85	203.90	110.00	134.00
283.60	189.28	110.00	134.00
256.98	170.16	108.00	131.00
256.98	170.16	108.00	131.00
277.72	184.51	108.00	131.00
304.83	198.87	108.00	131.00
312.80	213.22	108.00	131.00
333.54	219.60	108.00	131.00
333.54	219.60	108.00	131.00
327.16	213.22	108.00	131.00
313.80	207.84	106.00	128.00
306.05	207.84	106.00	128.00
306.05	214.05	106.00	128.00
306.05	220.25	106.00	128.00
306.05	226.46	106.00	128.00
