478.00	143.00	80.00	111.00
477.00	141.00	83.00	115.00
471.76	135.76	83.00	115.00
472.76	137.76	80.00	111.00
471.76	130.67	83.00	115.00
467.53	132.67	80.00	111.00
466.53	131.67	82.00	113.00
466.53	125.48	83.00	115.00
461.29	126.48	82.00	113.00
461.29	125.48	83.00	115.00
460.29	118.24	85.00	118.00
460.29	118.24	85.00	118.00
460.29	118.24	85.00	118.00
460.29	118.24	85.00	118.00
455.88	121.24	82.00	113.00
456.88	122.24	80.00	111.00
456.88	122.24	80.00	111.00
455.88	121.24	82.00	113.00
450.69	121.24	82.00	113.00
449.69	118.24	85.00	118.00
447.69	116.24	88.00	123.00
444.07	118.24	85.00	118.00
443.07	122.65	87.00	120.00
437.55	122.65	87.00	120.00
434.79	122.65	87.00	120.00
429.28	128.17	87.00	120.00
423.76	128.17	87.00	120.00
416.24	131.68	90.00	125.00
409.08	137.41	90.00	125.00
398.63	138.41	88.00	123.00
390.60	144.44	90.00	125.00
379.15	150.16	90.00	125.00
370.99	151.03	92.00	128.00
357.83	156.87	92.00	128.00
347.14	158.87	90.00	125.00
338.98	162.60	92.00	128.00
325.82	162.60	92.00	128.00
312.67	168.45	92.00	128.00
299.51	168.45	92.00	128.00
286.36	168.45	92.00	128.00
278.05	167.45	94.00	130.00
266.14	167.45	94.00	130.00
260.19	173.40	94.00	130.00
254.23	173.40	94.00	130.00
249.28	174.40	92.00	128.00
248.28	173.40	94.00	130.00
247.28	178.36	96.00	133.00
247.28	178.36	96.00	133.00
248.80	178.36	96.00	133.00
253.87	177.36	98.00	135.00
253.87	177.36	98.00	135.00
260.05	170.72	99.00	138.00
260.05	170.72	99.00	138.00
261.62	164.44	99.00	138.00
266.91	157.15	101.00	141.00
265.91	147.15	103.00	144.00
263.91	131.35	106.00	146.00
263.91	124.65	106.00	146.00
265.58	109.58	106.00	146.00
265.58	96.18	106.00	146.00
265.58	87.80	106.00	146.00
265.58	79.43	106.00	146.00
267.58	67.03	103.00	144.00
267.58	60.46	103.00	144.00
267.58	52.23	103.00	144.00
268.58	47.66	101.00	141.00
268.58	41.25	101.00	141.00
269.58	35.85	99.00	138.00
269.58	37.85	98.00	135.00
270.58	32.67	96.00	133.00
271.58	33.67	94.00	130.00
272.58	28.71	92.00	128.00
279.43	30.71	90.00	125.00
285.16	30.71	90.00	125.00
287.16	32.71	87.00	120.00
294.67	35.71	83.00	115.00
299.91	41.95	82.00	113.00
305.10	41.95	82.00	113.00
312.60	42.95	80.00	111.00
319.96	49.04	78.00	109.00
326.19	49.04	78.00	109.00
336.40	48.04	80.00	111.00
342.77	48.04	80.00	111.00
354.22	48.04	80.00	111.00
364.40	48.04	80.00	111.00
375.85	48.04	80.00	111.00
386.30	52.13	82.00	113.00
398.00	52.13	82.00	113.00
409.69	52.13	82.00	113.00
421.38	57.33	82.00	113.00
438.27	56.33	83.00	115.00
450.05	61.56	83.00	115.00
461.83	66.80	83.00	115.00
477.85	70.03	85.00	118.00
489.02	69.03	87.00	120.00
494.54	75.93	87.00	120.00
504.19	81.44	87.00	120.00
509.70	81.44	87.00	120.00
514.22	87.34	88.00	123.00
514.22	92.96	88.00	123.00
514.22	98.58	88.00	123.00
514.22	98.58	88.00	123.00
508.60	104.20	88.00	123.00
502.98	104.20	88.00	123.00
497.36	109.82	88.00	123.00
490.74	114.44	90.00	125.00
483.58	114.44	90.00	125.00
475.42	118.17	92.00	128.00
467.11	123.02	94.00	130.00
455.20	123.02	94.00	130.00
449.25	128.97	94.00	130.00
441.80	128.97	94.00	130.00
433.36	133.93	96.00	133.00
425.77	133.93	96.00	133.00
418.18	140.00	96.00	133.00
409.59	145.07	98.00	135.00
401.86	145.07	98.00	135.00
394.14	152.80	98.00	135.00
387.96	158.98	98.00	135.00
380.23	165.16	98.00	135.00
372.51	165.16	98.00	135.00
364.78	172.88	98.00	135.00
357.05	179.06	98.00	135.00
349.33	179.06	98.00	135.00
341.60	185.24	98.00	135.00
333.88	183.24	99.00	138.00
326.02	189.53	99.00	138.00
318.17	189.53	99.00	138.00
311.88	191.53	98.00	135.00
306.70	192.53	96.00	133.00
305.70	191.53	98.00	135.00
305.70	191.53	98.00	135.00
305.70	191.53	98.00	135.00
307.70	193.53	94.00	130.00
315.14	193.53	94.00	130.00
321.58	192.53	96.00	133.00
328.66	193.53	94.00	130.00
339.57	192.53	96.00	133.00
348.16	199.60	94.00	130.00
361.55	205.56	94.00	130.00
374.95	205.56	94.00	130.00
387.35	210.51	96.00	133.00
395.94	211.51	94.00	130.00
409.34	217.46	94.00	130.00
422.73	223.42	94.00	130.00
430.17	223.42	94.00	130.00
438.62	231.86	92.00	128.00
444.46	237.71	92.00	128.00
450.31	243.56	92.00	128.00
445.46	245.56	90.00	125.00
451.19	245.56	90.00	125.00
451.19	245.56	90.00	125.00
451.19	245.56	90.00	125.00
450.19	237.83	92.00	128.00
449.19	230.98	94.00	130.00
442.24	224.03	96.00	133.00
438.20	216.95	98.00	135.00
432.02	216.95	98.00	135.00
432.02	216.95	98.00	135.00
432.02	216.95	98.00	135.00
432.02	210.77	98.00	135.00
432.02	210.77	98.00	135.00
438.20	202.59	99.00	138.00
436.20	199.59	103.00	144.00
434.20	198.59	106.00	146.00
433.20	197.59	108.00	149.00
432.20	195.59	110.00	152.00
425.26	195.59	110.00	152.00
419.33	197.59	108.00	149.00
412.51	197.59	108.00	149.00
404.69	188.77	110.00	152.00
395.02	187.77	112.00	155.00
380.02	188.77	110.00	152.00
370.35	187.77	112.00	155.00
355.35	188.77	110.00	152.00
340.74	190.77	108.00	149.00
326.40	186.66	106.00	146.00
313.33	187.66	103.00	144.00
299.53	183.08	101.00	141.00
285.12	176.68	101.00	141.00
271.71	177.68	99.00	138.00
257.57	173.39	98.00	135.00
249.84	173.39	98.00	135.00
238.48	174.39	96.00	133.00
232.41	174.39	96.00	133.00
224.82	174.39	96.00	133.00
213.67	175.39	94.00	130.00
207.72	181.35	94.00	130.00
201.76	181.35	94.00	130.00
194.32	187.30	94.00	130.00
188.36	187.30	94.00	130.00
181.41	192.26	96.00	133.00
175.34	192.26	96.00	133.00
169.26	198.33	96.00	133.00
163.19	198.33	96.00	133.00
157.12	201.37	96.00	133.00
156.12	200.37	98.00	135.00
149.94	201.91	98.00	135.00
149.94	206.09	99.00	138.00
143.65	208.09	98.00	135.00
143.65	208.09	98.00	135.00
143.65	208.09	98.00	135.00
143.65	208.09	98.00	135.00
143.65	203.00	99.00	138.00
137.37	205.00	98.00	135.00
137.37	198.82	98.00	135.00
132.19	193.64	96.00	133.00
132.19	187.57	96.00	133.00
127.11	182.49	94.00	130.00
126.11	175.54	96.00	133.00
120.04	161.87	96.00	133.00
119.04	154.80	98.00	135.00
112.86	140.90	98.00	135.00
112.86	131.17	99.00	138.00
106.57	119.03	98.00	135.00
106.57	105.12	98.00	135.00
106.57	90.76	99.00	138.00
106.57	84.91	98.00	135.00
107.57	72.00	96.00	133.00
112.65	63.41	98.00	135.00
113.65	50.50	96.00	133.00
121.24	38.36	96.00	133.00
129.83	31.76	94.00	130.00
137.27	24.32	94.00	130.00
145.72	19.37	92.00	128.00
158.87	13.52	92.00	128.00
170.57	7.67	92.00	128.00
183.72	7.67	92.00	128.00
191.03	1.83	92.00	128.00
204.19	1.83	92.00	128.00
215.88	1.83	92.00	128.00
222.73	3.83	90.00	125.00
230.89	4.83	88.00	123.00
240.32	5.83	87.00	120.00
246.83	6.83	85.00	118.00
252.24	6.83	85.00	118.00
253.24	8.83	83.00	115.00
258.48	15.06	82.00	113.00
259.48	16.06	80.00	111.00
260.48	17.06	78.00	109.00
261.48	23.05	77.00	107.00
262.48	24.05	75.00	105.00
262.48	24.05	75.00	105.00
257.69	29.83	74.00	103.00
257.69	33.52	75.00	105.00
252.91	34.52	74.00	103.00
253.91	35.52	72.00	101.00
253.91	40.10	72.00	101.00
253.91	44.69	72.00	101.00
253.91	44.69	72.00	101.00
253.91	49.27	72.00	101.00
254.91	50.27	71.00	99.00
259.40	51.27	70.00	97.00
263.85	51.27	70.00	97.00
268.31	55.72	70.00	97.00
272.76	55.72	70.00	97.00
272.76	60.17	70.00	97.00
272.76	60.17	70.00	97.00
278.32	55.72	70.00	97.00
282.78	55.72	70.00	97.00
287.23	54.72	71.00	99.00
287.23	54.72	71.00	99.00
287.23	54.72	71.00	99.00
287.23	54.72	71.00	99.00
287.23	54.72	71.00	99.00
287.23	54.72	71.00	99.00
287.23	54.72	71.00	99.00
287.23	59.21	71.00	99.00
287.23	59.21	71.00	99.00
283.86	64.71	70.00	97.00
283.86	69.16	70.00	97.00
283.86	68.16	71.00	99.00
279.37	72.65	71.00	99.00
279.37	72.65	71.00	99.00
279.37	72.65	71.00	99.00
279.37	78.14	70.00	97.00
279.37	82.59	70.00	97.00
283.82	86.04	71.00	99.00
283.82	86.04	71.00	99.00
283.82	90.54	71.00	99.00
283.82	91.54	70.00	97.00
283.82	95.99	70.00	97.00
283.82	100.44	70.00	97.00
283.82	100.44	70.00	97.00
283.82	104.89	70.00	97.00
284.82	105.89	68.00	95.00
284.82	110.24	68.00	95.00
284.82	110.24	68.00	95.00
284.82	114.58	68.00	95.00
284.82	118.93	68.00	95.00
284.82	123.27	68.00	95.00
288.17	126.62	70.00	97.00
289.17	127.62	68.00	95.00
293.51	131.96	68.00	95.00
293.51	136.31	68.00	95.00
297.86	136.31	68.00	95.00
297.86	140.65	68.00	95.00
297.86	145.00	68.00	95.00
302.20	149.34	68.00	95.00
302.20	149.34	68.00	95.00
302.20	153.69	68.00	95.00
305.55	157.03	70.00	97.00
305.55	157.03	70.00	97.00
306.55	162.48	68.00	95.00
310.89	162.48	68.00	95.00
310.89	162.48	68.00	95.00
310.89	166.83	68.00	95.00
310.89	166.83	68.00	95.00
310.89	166.83	68.00	95.00
310.89	166.83	68.00	95.00
306.55	171.18	68.00	95.00
306.55	171.18	68.00	95.00
306.55	171.18	68.00	95.00
306.55	171.18	68.00	95.00
310.89	167.92	68.00	95.00
310.89	167.92	68.00	95.00
310.89	163.57	68.00	95.00
310.89	163.57	68.00	95.00
310.89	159.23	68.00	95.00
310.89	154.88	68.00	95.00
310.89	150.54	68.00	95.00
309.89	144.10	70.00	97.00
306.44	136.20	68.00	95.00
306.44	131.86	68.00	95.00
306.44	126.42	68.00	95.00
310.78	116.65	68.00	95.00
310.78	112.30	68.00	95.00
310.78	103.61	68.00	95.00
310.78	99.27	68.00	95.00
314.13	92.84	70.00	97.00
314.13	88.38	70.00	97.00
318.58	82.82	70.00	97.00
323.03	76.25	71.00	99.00
327.53	70.64	71.00	99.00
327.53	67.15	70.00	97.00
331.98	61.58	70.00	97.00
336.43	55.02	71.00	99.00
339.92	48.40	72.00	101.00
344.50	43.82	72.00	101.00
349.09	39.24	72.00	101.00
357.11	34.65	72.00	101.00
362.84	32.36	72.00	101.00
372.15	26.78	74.00	103.00
378.02	22.09	74.00	103.00
388.57	17.40	74.00	103.00
395.61	17.40	74.00	103.00
407.16	13.70	72.00	101.00
415.33	17.29	74.00	103.00
425.88	17.29	74.00	103.00
432.75	22.98	72.00	101.00
443.06	27.56	72.00	101.00
453.37	32.15	72.00	101.00
459.10	36.73	72.00	101.00
467.27	46.04	74.00	103.00
473.13	50.73	74.00	103.00
479.00	56.60	74.00	103.00
483.69	66.15	75.00	105.00
483.69	70.94	75.00	105.00
481.30	81.50	74.00	103.00
477.60	87.19	72.00	101.00
476.60	90.78	74.00	103.00
472.91	96.47	72.00	101.00
469.33	102.05	71.00	99.00
464.84	111.03	71.00	99.00
463.84	114.52	72.00	101.00
459.11	120.11	71.00	99.00
454.62	124.60	71.00	99.00
454.62	130.09	70.00	97.00
455.62	135.54	68.00	95.00
455.62	140.97	68.00	95.00
456.62	151.75	67.00	93.00
456.62	157.00	66.00	91.00
457.62	163.20	64.00	89.00
461.67	168.27	64.00	89.00
463.71	171.32	66.00	91.00
467.87	174.48	67.00	93.00
467.87	178.73	67.00	93.00
471.12	177.73	68.00	95.00
473.38	181.08	70.00	97.00
474.38	182.08	68.00	95.00
475.38	183.08	67.00	93.00
475.38	184.08	66.00	91.00
475.38	184.08	66.00	91.00
475.38	184.08	66.00	91.00
476.38	185.08	64.00	89.00
479.44	179.03	67.00	93.00
478.44	178.03	68.00	95.00
477.44	172.68	70.00	97.00
477.44	167.23	71.00	99.00
476.44	161.74	72.00	101.00
476.44	156.01	72.00	101.00
477.44	151.28	71.00	99.00
477.44	146.67	70.00	97.00
481.89	140.10	71.00	99.00
481.89	134.49	71.00	99.00
481.89	128.87	71.00	99.00
481.89	123.26	71.00	99.00
485.38	117.77	72.00	101.00
484.38	112.18	74.00	103.00
484.38	106.49	75.00	105.00
483.38	100.71	77.00	107.00
483.38	95.82	77.00	107.00
482.38	89.93	78.00	109.00
481.38	83.95	80.00	111.00
477.29	79.86	78.00	109.00
476.29	73.87	80.00	111.00
471.20	68.78	80.00	111.00
466.11	63.69	80.00	111.00
461.02	58.60	80.00	111.00
454.66	53.51	80.00	111.00
444.20	49.42	78.00	109.00
438.98	50.42	77.00	107.00
429.19	45.53	77.00	107.00
418.19	40.64	77.00	107.00
411.08	39.64	78.00	109.00
400.87	35.66	77.00	107.00
391.09	30.77	77.00	107.00
381.08	26.88	75.00	105.00
370.32	26.88	75.00	105.00
359.56	22.10	75.00	105.00
348.80	22.10	75.00	105.00
338.03	17.31	75.00	105.00
327.27	13.53	74.00	103.00
321.41	12.53	75.00	105.00
310.65	12.53	75.00	105.00
304.67	12.53	75.00	105.00
295.10	13.53	74.00	103.00
290.41	13.53	74.00	103.00
285.72	13.53	74.00	103.00
279.85	13.53	74.00	103.00
273.99	13.53	74.00	103.00
269.30	8.84	74.00	103.00
264.61	8.84	74.00	103.00
259.92	13.53	74.00	103.00
255.23	13.53	74.00	103.00
255.23	13.53	74.00	103.00
254.06	17.22	75.00	105.00
249.27	18.22	74.00	103.00
249.27	22.91	74.00	103.00
246.75	28.60	72.00	101.00
243.17	29.60	71.00	99.00
243.17	34.09	71.00	99.00
237.56	34.09	71.00	99.00
231.94	38.58	71.00	99.00
227.45	43.07	71.00	99.00
221.84	43.07	71.00	99.00
216.22	48.69	71.00	99.00
216.22	53.18	71.00	99.00
215.22	56.67	72.00	101.00
210.64	61.25	72.00	101.00
204.91	65.84	72.00	101.00
200.18	72.57	71.00	99.00
195.69	79.18	70.00	97.00
191.24	84.75	70.00	97.00
191.24	90.31	70.00	97.00
192.24	96.88	68.00	95.00
196.58	102.31	68.00	95.00
196.58	107.74	68.00	95.00
196.58	115.34	68.00	95.00
197.58	120.69	67.00	93.00
212.47	130.26	67.00	93.00
212.47	134.51	67.00	93.00
212.47	138.76	67.00	93.00
212.47	138.76	67.00	93.00
212.47	143.02	67.00	93.00
212.47	146.20	67.00	93.00
212.47	146.20	67.00	93.00
212.47	146.20	67.00	93.00
212.47	146.20	67.00	93.00
212.47	146.20	67.00	93.00
212.47	146.20	67.00	93.00
212.47	146.20	67.00	93.00
212.47	141.95	67.00	93.00
212.47	141.95	67.00	93.00
212.47	141.95	67.00	93.00
212.47	141.95	67.00	93.00
212.47	141.95	67.00	93.00
212.47	141.95	67.00	93.00
212.47	141.95	67.00	93.00
212.47	141.95	67.00	93.00
212.47	141.95	67.00	93.00
212.47	141.95	67.00	93.00
212.47	141.95	67.00	93.00
212.47	141.95	67.00	93.00
212.47	141.95	67.00	93.00
212.47	141.95	67.00	93.00
212.47	141.95	67.00	93.00
212.47	141.95	67.00	93.00
212.47	141.95	67.00	93.00
212.47	141.95	67.00	93.00
212.47	141.95	67.00	93.00
212.47	141.95	67.00	93.00
212.47	141.95	67.00	93.00
212.47	141.95	67.00	93.00
212.47	141.95	67.00	93.00
212.47	141.95	67.00	93.00
212.47	141.95	67.00	93.00
212.47	141.95	67.00	93.00
212.47	141.95	67.00	93.00
212.47	141.95	67.00	93.00
212.47	141.95	67.00	93.00
212.47	141.95	67.00	93.00
212.47	141.95	67.00	93.00
212.47	141.95	67.00	93.00
212.47	141.95	67.00	93.00
212.47	141.95	67.00	93.00
212.47	141.95	67.00	93.00
212.47	141.95	67.00	93.00
212.47	141.95	67.00	93.00
212.47	141.95	67.00	93.00
212.47	141.95	67.00	93.00
212.47	141.95	67.00	93.00
212.47	141.95	67.00	93.00
212.47	141.95	67.00	93.00
212.47	141.95	67.00	93.00
212.47	141.95	67.00	93.00
212.47	141.95	67.00	93.00
212.47	141.95	67.00	93.00
212.47	141.95	67.00	93.00
212.47	141.95	67.00	93.00
212.47	141.95	67.00	93.00
212.47	141.95	67.00	93.00
212.47	141.95	67.00	93.00
212.47	141.95	67.00	93.00
212.47	141.95	67.00	93.00
212.47	141.95	67.00	93.00
212.47	141.95	67.00	93.00
212.47	141.95	67.00	93.00
212.47	141.95	67.00	93.00
212.47	141.95	67.00	93.00
212.47	141.95	67.00	93.00
212.47	141.95	67.00	93.00
212.47	141.95	67.00	93.00
212.47	141.95	67.00	93.00
212.47	141.95	67.00	93.00
212.47	141.95	67.00	93.00
212.47	141.95	67.00	93.00
212.47	141.95	67.00	93.00
212.47	141.95	67.00	93.00
212.47	141.95	67.00	93.00
212.47	141.95	67.00	93.00
212.47	141.95	67.00	93.00
212.47	141.95	67.00	93.00
212.47	141.95	67.00	93.00
212.47	141.95	67.00	93.00
212.47	141.95	67.00	93.00
212.47	141.95	67.00	93.00
212.47	141.95	67.00	93.00
212.47	141.95	67.00	93.00
212.47	141.95	67.00	93.00
212.47	141.95	67.00	93.00
212.47	141.95	67.00	93.00
212.47	141.95	67.00	93.00
212.47	141.95	67.00	93.00
212.47	141.95	67.00	93.00
212.47	141.95	67.00	93.00
212.47	141.95	67.00	93.00
212.47	141.95	67.00	93.00
212.47	141.95	67.00	93.00
212.47	141.95	67.00	93.00
212.47	141.95	67.00	93.00
212.47	141.95	67.00	93.00
212.47	141.95	67.00	93.00
212.47	141.95	67.00	93.00
212.47	141.95	67.00	93.00
212.47	141.95	67.00	93.00
212.47	141.95	67.00	93.00
212.47	141.95	67.00	93.00
212.47	141.95	67.00	93.00
212.47	141.95	67.00	93.00
212.47	141.95	67.00	93.00
212.47	141.95	67.00	93.00
212.47	141.95	67.00	93.00
212.47	141.95	67.00	93.00
212.47	141.95	67.00	93.00
212.47	141.95	67.00	93.00
212.47	141.95	67.00	93.00
212.47	141.95	67.00	93.00
212.47	141.95	67.00	93.00
212.47	141.95	67.00	93.00
212.47	141.95	67.00	93.00
212.47	141.95	67.00	93.00
212.47	141.95	67.00	93.00
212.47	141.95	67.00	93.00
212.47	141.95	67.00	93.00
212.47	141.95	67.00	93.00
211.47	145.20	68.00	95.00
215.81	145.20	68.00	95.00
210.47	144.20	70.00	97.00
210.47	144.20	70.00	97.00
210.47	144.20	70.00	97.00
210.47	144.20	70.00	97.00
211.47	140.75	68.00	95.00
211.47	140.75	68.00	95.00
213.55	141.75	67.00	93.00
230.63	140.75	68.00	95.00
240.40	145.10	68.00	95.00
254.52	140.75	68.00	95.00
264.30	140.75	68.00	95.00
274.08	140.75	68.00	95.00
280.51	146.10	67.00	93.00
290.08	141.85	67.00	93.00
298.58	141.85	67.00	93.00
302.83	141.85	67.00	93.00
306.09	140.85	68.00	95.00
307.09	141.85	67.00	93.00
307.09	141.85	67.00	93.00
307.09	137.59	67.00	93.00
307.09	134.40	67.00	93.00
306.09	129.15	68.00	95.00
305.09	128.15	70.00	97.00
305.09	123.70	70.00	97.00
300.63	123.70	70.00	97.00
300.63	119.25	70.00	97.00
301.63	115.79	68.00	95.00
297.29	111.45	68.00	95.00
297.29	111.45	68.00	95.00
301.63	107.10	68.00	95.00
301.63	107.10	68.00	95.00
305.98	102.76	68.00	95.00
305.98	98.41	68.00	95.00
305.98	94.07	68.00	95.00
305.98	89.72	68.00	95.00
304.81	90.72	67.00	93.00
309.06	85.41	67.00	93.00
309.06	82.16	66.00	91.00
309.06	82.16	66.00	91.00
309.06	82.16	66.00	91.00
309.06	82.16	66.00	91.00
309.06	82.16	66.00	91.00
309.06	82.16	66.00	91.00
310.06	83.16	64.00	89.00
311.06	83.16	63.00	88.00
311.06	83.16	63.00	88.00
311.06	84.16	62.00	86.00
314.99	84.16	62.00	86.00
318.93	88.09	62.00	86.00
322.86	88.09	62.00	86.00
326.79	92.02	62.00	86.00
330.73	95.96	62.00	86.00
334.66	95.96	62.00	86.00
338.60	100.87	62.00	86.00
342.53	104.81	62.00	86.00
346.46	108.74	62.00	86.00
350.40	111.67	63.00	88.00
350.40	115.70	63.00	88.00
354.42	115.70	63.00	88.00
354.42	120.73	63.00	88.00
357.45	124.76	64.00	89.00
357.45	129.83	64.00	89.00
357.45	133.88	64.00	89.00
357.45	138.95	64.00	89.00
353.40	144.01	64.00	89.00
349.34	149.08	64.00	89.00
344.29	153.14	66.00	91.00
340.13	157.34	67.00	93.00
331.62	166.91	67.00	93.00
327.37	171.16	67.00	93.00
322.06	175.42	67.00	93.00
312.49	180.73	67.00	93.00
308.24	184.99	67.00	93.00
302.92	189.24	67.00	93.00
302.92	189.24	67.00	93.00
302.92	193.49	67.00	93.00
298.67	197.74	67.00	93.00
298.67	197.74	67.00	93.00
298.67	202.00	67.00	93.00
302.92	202.00	67.00	93.00
307.17	202.00	67.00	93.00
311.43	206.25	67.00	93.00
311.43	206.25	67.00	93.00
311.43	206.25	67.00	93.00
311.43	206.25	67.00	93.00
311.43	206.25	67.00	93.00
311.43	206.25	67.00	93.00
311.43	206.25	67.00	93.00
311.43	206.25	67.00	93.00
311.43	206.25	67.00	93.00
311.43	206.25	67.00	93.00
311.43	206.25	67.00	93.00
311.43	206.25	67.00	93.00
311.43	206.25	67.00	93.00
311.43	206.25	67.00	93.00
311.43	206.25	67.00	93.00
311.43	206.25	67.00	93.00
311.43	206.25	67.00	93.00
311.43	206.25	67.00	93.00
311.43	206.25	67.00	93.00
311.43	206.25	67.00	93.00
311.43	206.25	67.00	93.00
311.43	206.25	67.00	93.00
311.43	206.25	67.00	93.00
311.43	206.25	67.00	93.00
311.43	206.25	67.00	93.00
311.43	206.25	67.00	93.00
311.43	206.25	67.00	93.00
311.43	206.25	67.00	93.00
311.43	206.25	67.00	93.00
311.43	206.25	67.00	93.00
311.43	206.25	67.00	93.00
311.43	206.25	67.00	93.00
311.43	206.25	67.00	93.00
311.43	206.25	67.00	93.00
311.43	206.25	67.00	93.00
311.43	206.25	67.00	93.00
311.43	206.25	67.00	93.00
311.43	206.25	67.00	93.00
311.43	206.25	67.00	93.00
311.43	206.25	67.00	93.00
311.43	206.25	67.00	93.00
311.43	206.25	67.00	93.00
311.43	206.25	67.00	93.00
311.43	206.25	67.00	93.00
311.43	206.25	67.00	93.00
311.43	206.25	67.00	93.00
311.43	206.25	67.00	93.00
311.43	206.25	67.00	93.00
311.43	206.25	67.00	93.00
311.43	206.25	67.00	93.00
311.43	206.25	67.00	93.00
311.43	206.25	67.00	93.00
311.43	206.25	67.00	93.00
311.43	206.25	67.00	93.00
311.43	206.25	67.00	93.00
311.43	206.25	67.00	93.00
311.43	206.25	67.00	93.00
311.43	206.25	67.00	93.00
311.43	206.25	67.00	93.00
311.43	206.25	67.00	93.00
311.43	206.25	67.00	93.00
311.43	206.25	67.00	93.00
311.43	206.25	67.00	93.00
311.43	206.25	67.00	93.00
311.43	206.25	67.00	93.00
311.43	206.25	67.00	93.00
311.43	206.25	67.00	93.00
311.43	206.25	67.00	93.00
311.43	206.25	67.00	93.00
311.43	206.25	67.00	93.00
311.43	206.25	67.00	93.00
311.43	206.25	67.00	93.00
311.43	206.25	67.00	93.00
311.43	206.25	67.00	93.00
311.43	206.25	67.00	93.00
311.43	206.25	67.00	93.00
311.43	206.25	67.00	93.00
311.43	206.25	67.00	93.00
311.43	206.25	67.00	93.00
311.43	206.25	67.00	93.00
311.43	206.25	67.00	93.00
311.43	206.25	67.00	93.00
311.43	206.25	67.00	93.00
311.43	206.25	67.00	93.00
311.43	206.25	67.00	93.00
311.43	206.25	67.00	93.00
311.43	206.25	67.00	93.00
311.43	206.25	67.00	93.00
311.43	206.25	67.00	93.00
311.43	206.25	67.00	93.00
311.43	206.25	67.00	93.00
311.43	206.25	67.00	93.00
311.43	206.25	67.00	93.00
311.43	206.25	67.00	93.00
311.43	206.25	67.00	93.00
311.43	206.25	67.00	93.00
311.43	206.25	67.00	93.00
311.43	206.25	67.00	93.00
311.43	206.25	67.00	93.00
311.43	206.25	67.00	93.00
311.43	206.25	67.00	93.00
311.43	206.25	67.00	93.00
311.43	206.25	67.00	93.00
311.43	206.25	67.00	93.00
311.43	206.25	67.00	93.00
311.43	206.25	67.00	93.00
311.43	206.25	67.00	93.00
311.43	206.25	67.00	93.00
311.43	206.25	67.00	93.00
311.43	206.25	67.00	93.00
311.43	206.25	67.00	93.00
311.43	206.25	67.00	93.00
311.43	206.25	67.00	93.00
311.43	206.25	67.00	93.00
311.43	206.25	67.00	93.00
311.43	206.25	67.00	93.00
311.43	206.25	67.00	93.00
311.43	206.25	67.00	93.00
311.43	206.25	67.00	93.00
311.43	206.25	67.00	93.00
311.43	206.25	67.00	93.00
311.43	206.25	67.00	93.00
311.43	206.25	67.00	93.00
311.43	206.25	67.00	93.00
311.43	206.25	67.00	93.00
311.43	206.25	67.00	93.00
311.43	206.25	67.00	93.00
311.43	206.25	67.00	93.00
311.43	206.25	67.00	93.00
311.43	206.25	67.00	93.00
311.43	206.25	67.00	93.00
311.43	206.25	67.00	93.00
311.43	206.25	67.00	93.00
311.43	206.25	67.00	93.00
311.43	206.25	67.00	93.00
310.43	205.25	68.00	95.00
307.08	201.90	67.00	93.00
306.08	200.90	68.00	95.00
306.08	196.56	68.00	95.00
302.73	193.21	67.00	93.00
306.99	188.96	67.00	93.00
305.99	187.96	68.00	95.00
305.99	182.53	68.00	95.00
309.33	176.10	70.00	97.00
313.78	170.53	70.00	97.00
318.24	164.97	70.00	97.00
322.69	160.52	70.00	97.00
327.14	154.95	70.00	97.00
332.71	149.38	70.00	97.00
338.27	140.48	70.00	97.00
343.84	136.03	70.00	97.00
352.74	130.46	70.00	97.00
357.19	126.01	70.00	97.00
367.21	120.45	70.00	97.00
372.78	115.99	70.00	97.00
382.79	110.43	70.00	97.00
392.70	106.98	68.00	95.00
401.39	106.98	68.00	95.00
406.82	102.63	68.00	95.00
415.51	102.63	68.00	95.00
424.20	98.29	68.00	95.00
429.63	98.29	68.00	95.00
436.06	103.63	67.00	93.00
444.57	103.63	67.00	93.00
449.88	108.88	66.00	91.00
455.08	108.88	66.00	91.00
460.28	113.04	66.00	91.00
466.48	114.04	64.00	89.00
470.54	118.10	64.00	89.00
474.59	118.10	64.00	89.00
478.64	123.16	64.00	89.00
482.69	128.23	64.00	89.00
483.69	132.28	63.00	88.00
487.72	136.31	63.00	88.00
491.75	141.34	63.00	88.00
491.75	146.37	63.00	88.00
495.77	151.40	62.00	86.00
495.77	155.33	62.00	86.00
500.71	156.33	61.00	84.00
501.71	161.18	59.00	82.00
505.44	161.18	59.00	82.00
505.44	164.91	59.00	82.00
505.44	165.91	58.00	81.00
505.44	170.54	58.00	81.00
500.81	170.54	58.00	81.00
497.10	170.54	58.00	81.00
493.39	174.25	58.00	81.00
493.39	174.25	58.00	81.00
493.39	170.54	58.00	81.00
489.68	170.54	58.00	81.00
486.98	171.54	57.00	79.00
486.98	171.54	57.00	79.00
483.36	171.54	57.00	79.00
483.36	167.93	57.00	79.00
479.75	167.93	56.00	78.00
479.75	167.93	56.00	78.00
479.75	167.93	56.00	78.00
480.75	165.39	55.00	76.00
484.24	165.39	55.00	76.00
484.24	161.90	55.00	76.00
484.24	158.40	55.00	76.00
484.24	158.40	55.00	76.00
487.74	154.91	55.00	76.00
487.74	154.91	55.00	76.00
490.23	153.91	56.00	78.00
490.23	150.37	57.00	79.00
486.62	150.37	57.00	79.00
486.62	150.37	57.00	79.00
486.62	146.76	57.00	79.00
483.00	146.76	57.00	79.00
479.39	146.76	57.00	79.00
475.78	143.14	57.00	79.00
475.78	139.53	57.00	79.00
472.16	139.53	57.00	79.00
467.64	135.91	57.00	79.00
467.64	135.91	57.00	79.00
467.64	135.91	57.00	79.00
467.64	132.30	57.00	79.00
467.64	132.30	57.00	79.00
467.64	132.30	57.00	79.00
469.45	132.30	57.00	79.00
469.45	132.30	57.00	79.00
473.06	132.30	57.00	79.00
476.68	132.30	57.00	79.00
476.68	128.68	57.00	79.00
479.29	127.68	58.00	81.00
483.00	127.68	58.00	81.00
486.71	127.68	58.00	81.00
486.71	123.98	58.00	81.00
486.71	127.68	58.00	81.00
486.71	123.98	58.00	81.00
486.71	122.98	59.00	82.00
486.71	122.98	59.00	82.00
482.04	122.98	59.00	82.00
472.64	125.71	61.00	84.00
463.00	124.71	62.00	86.00
458.08	123.71	63.00	88.00
449.02	123.71	63.00	88.00
442.99	127.74	64.00	89.00
437.93	126.74	66.00	91.00
433.77	126.74	66.00	91.00
433.77	122.58	66.00	91.00
429.61	122.58	66.00	91.00
420.25	122.58	66.00	91.00
416.09	122.58	66.00	91.00
416.09	126.74	66.00	91.00
416.09	126.74	66.00	91.00
416.09	126.74	66.00	91.00
416.09	126.74	66.00	91.00
416.09	130.90	66.00	91.00
421.29	130.90	66.00	91.00
426.49	130.90	66.00	91.00
430.65	135.06	66.00	91.00
430.65	135.06	66.00	91.00
430.65	139.22	66.00	91.00
430.65	142.34	66.00	91.00
426.49	142.34	66.00	91.00
422.33	146.54	67.00	93.00
412.77	150.79	67.00	93.00
403.20	150.79	67.00	93.00
389.38	150.79	67.00	93.00
375.56	150.79	67.00	93.00
357.48	156.11	67.00	93.00
342.60	156.11	67.00	93.00
328.78	156.11	67.00	93.00
319.21	156.11	67.00	93.00
309.64	156.11	67.00	93.00
305.39	156.11	67.00	93.00
295.88	155.11	68.00	95.00
289.45	154.11	70.00	97.00
283.89	153.11	71.00	99.00
278.27	148.61	71.00	99.00
269.29	148.61	71.00	99.00
264.80	144.12	71.00	99.00
264.80	144.12	71.00	99.00
264.80	139.63	71.00	99.00
264.80	136.14	70.00	97.00
269.25	131.69	70.00	97.00
275.82	128.24	68.00	95.00
284.51	123.89	68.00	95.00
289.94	118.46	68.00	95.00
299.63	109.68	67.00	93.00
304.94	102.18	66.00	91.00
310.14	93.86	66.00	91.00
315.34	88.66	66.00	91.00
320.50	80.30	64.00	89.00
320.50	75.23	64.00	89.00
321.50	66.11	63.00	88.00
321.50	62.09	63.00	88.00
317.48	58.05	62.00	86.00
317.48	53.14	62.00	86.00
317.48	48.22	62.00	86.00
312.56	43.30	62.00	86.00
309.63	39.39	61.00	84.00
304.83	34.58	61.00	84.00
301.03	30.78	59.00	82.00
297.29	27.05	59.00	82.00
292.62	27.05	59.00	82.00
288.89	27.05	59.00	82.00
285.16	28.05	58.00	81.00
281.45	31.76	58.00	81.00
281.45	35.46	58.00	81.00
282.45	36.46	57.00	79.00
286.06	36.46	57.00	79.00
286.06	40.08	57.00	79.00
289.68	40.08	57.00	79.00
296.91	43.69	57.00	79.00
300.52	47.31	57.00	79.00
305.04	54.54	57.00	79.00
312.27	62.67	57.00	79.00
316.79	67.19	57.00	79.00
324.92	75.32	57.00	79.00
329.44	83.46	57.00	79.00
337.57	90.69	57.00	79.00
345.71	98.82	57.00	79.00
349.32	106.95	57.00	79.00
353.84	118.70	57.00	79.00
357.45	126.83	57.00	79.00
361.07	131.35	57.00	79.00
361.07	139.49	57.00	79.00
361.07	147.62	57.00	79.00
360.07	150.23	58.00	81.00
356.36	152.94	59.00	82.00
352.63	152.94	59.00	82.00
344.23	156.67	59.00	82.00
336.76	156.67	59.00	82.00
331.09	159.41	61.00	84.00
322.45	155.57	61.00	84.00
317.65	155.57	61.00	84.00
310.96	152.73	59.00	82.00
306.30	149.99	58.00	81.00
301.66	146.28	58.00	81.00
301.66	142.58	58.00	81.00
302.66	143.58	57.00	79.00
306.28	143.58	57.00	79.00
309.89	139.96	57.00	79.00
313.51	139.96	57.00	79.00
317.12	136.35	57.00	79.00
317.12	132.73	56.00	78.00
320.66	132.73	56.00	78.00
320.66	128.32	56.00	78.00
320.66	124.78	56.00	78.00
320.66	124.78	56.00	78.00
320.66	121.25	56.00	78.00
320.66	121.25	56.00	78.00
317.12	121.25	56.00	78.00
314.59	118.71	55.00	76.00
310.22	119.71	54.00	75.00
305.95	119.71	54.00	75.00
302.53	119.71	54.00	75.00
299.12	119.71	54.00	75.00
296.56	119.71	54.00	75.00
296.56	116.30	54.00	75.00
296.56	116.30	54.00	75.00
297.56	113.88	53.00	73.00
300.88	113.88	53.00	73.00
300.88	113.88	52.00	72.00
304.18	110.59	53.00	73.00
304.18	110.59	53.00	73.00
304.18	110.59	53.00	73.00
304.18	110.59	53.00	73.00
300.85	110.59	52.00	72.00
300.85	110.59	52.00	72.00
300.85	110.59	52.00	72.00
304.15	107.29	52.00	72.00
307.44	107.29	52.00	72.00
307.44	107.29	52.00	72.00
307.44	107.29	52.00	72.00
307.44	107.29	52.00	72.00
307.44	107.29	52.00	72.00
307.44	107.29	52.00	72.00
307.44	107.29	52.00	72.00
310.74	107.29	52.00	72.00
310.74	103.99	52.00	72.00
310.74	103.99	52.00	72.00
310.74	103.99	52.00	72.00
310.74	103.99	52.00	72.00
310.74	103.99	52.00	72.00
311.74	104.99	51.00	70.00
311.74	108.20	51.00	70.00
311.74	108.20	51.00	70.00
311.74	108.20	51.00	70.00
311.74	108.20	51.00	70.00
314.94	108.20	51.00	70.00
314.94	108.20	51.00	70.00
314.94	108.20	51.00	70.00
314.94	108.20	51.00	70.00
314.94	108.20	51.00	70.00
314.94	108.20	51.00	70.00
314.94	108.20	51.00	70.00
314.94	108.20	51.00	70.00
314.94	108.20	51.00	70.00
314.94	105.99	50.00	69.00
314.94	105.99	50.00	69.00
314.94	105.99	50.00	69.00
314.94	105.99	50.00	69.00
314.94	105.99	50.00	69.00
314.94	105.99	50.00	69.00
311.77	105.99	50.00	69.00
311.77	105.99	50.00	69.00
311.77	102.82	50.00	69.00
311.77	102.82	50.00	69.00
308.59	102.82	50.00	69.00
308.59	102.82	50.00	69.00
308.59	102.82	50.00	69.00
305.41	102.82	50.00	69.00
305.41	102.82	50.00	69.00
305.41	102.82	50.00	69.00
305.41	99.64	50.00	69.00
305.41	99.64	50.00	69.00
305.41	99.64	50.00	69.00
305.41	99.64	50.00	69.00
305.41	99.64	50.00	69.00
305.41	99.64	50.00	69.00
305.41	99.64	50.00	69.00
308.59	96.46	50.00	69.00
308.59	96.46	50.00	69.00
308.59	96.46	50.00	69.00
311.77	92.29	51.00	70.00
311.77	92.29	51.00	70.00
313.97	91.29	52.00	72.00
313.97	91.29	52.00	72.00
317.27	91.29	53.00	73.00
320.59	87.96	53.00	73.00
323.91	87.96	53.00	73.00
327.07	86.96	54.00	75.00
330.48	89.38	55.00	76.00
334.85	89.38	55.00	76.00
339.22	89.38	55.00	76.00
343.59	89.38	55.00	76.00
347.96	92.88	55.00	76.00
352.33	92.88	55.00	76.00
356.70	92.88	55.00	76.00
360.07	91.88	56.00	78.00
364.48	91.88	56.00	78.00
368.90	95.41	56.00	78.00
372.44	95.41	57.00	79.00
376.96	91.79	57.00	79.00
380.47	94.41	58.00	81.00
384.18	93.41	59.00	82.00
387.92	93.41	59.00	82.00
387.92	97.14	59.00	82.00
391.65	97.14	59.00	82.00
391.65	97.14	59.00	82.00
395.38	93.41	59.00	82.00
394.38	96.14	61.00	84.00
394.38	96.14	61.00	84.00
394.38	96.14	61.00	84.00
390.54	96.14	61.00	84.00
390.54	96.14	61.00	84.00
390.54	96.14	61.00	84.00
390.54	96.14	61.00	84.00
390.54	96.14	61.00	84.00
394.38	96.14	61.00	84.00
394.38	99.98	61.00	84.00
394.38	99.98	61.00	84.00
395.38	100.98	59.00	82.00
400.05	100.98	59.00	82.00
403.78	104.72	59.00	82.00
407.52	104.72	59.00	82.00
407.52	105.72	58.00	81.00
411.23	109.43	58.00	81.00
415.86	109.43	58.00	81.00
419.57	112.13	59.00	82.00
422.30	114.87	61.00	84.00
422.30	114.87	61.00	84.00
425.14	117.71	62.00	86.00
425.14	117.71	62.00	86.00
429.08	120.64	63.00	88.00
428.08	120.64	64.00	89.00
427.08	123.70	66.00	91.00
427.08	123.70	66.00	91.00
422.92	127.86	66.00	91.00
419.76	128.86	64.00	89.00
417.73	128.86	64.00	89.00
413.68	128.86	64.00	89.00
409.62	128.86	64.00	89.00
404.56	128.86	64.00	89.00
398.49	127.86	66.00	91.00
394.33	123.70	66.00	91.00
389.13	123.70	66.00	91.00
380.81	123.70	66.00	91.00
377.65	120.54	64.00	89.00
373.59	116.48	63.00	88.00
369.56	116.48	63.00	88.00
365.53	116.48	63.00	88.00
361.51	113.46	62.00	86.00
361.51	109.52	62.00	86.00
358.57	110.52	61.00	84.00
358.57	110.52	61.00	84.00
359.57	111.52	59.00	82.00
359.57	108.79	58.00	81.00
