164.00	121.00	27.00	24.00
164.00	121.00	27.00	24.00
165.37	121.00	27.00	24.00
165.37	121.00	27.00	24.00
165.37	121.00	27.00	24.00
166.75	121.00	27.00	24.00
166.75	119.63	27.00	24.00
166.75	119.63	27.00	24.00
165.75	119.63	28.00	24.00
167.13	119.63	28.00	24.00
167.13	119.63	28.00	24.00
168.13	121.01	27.00	24.00
168.13	121.01	27.00	24.00
168.13	121.01	27.00	24.00
168.13	121.01	27.00	24.00
168.13	121.01	27.00	24.00
168.13	121.01	27.00	24.00
169.50	121.01	27.00	24.00
169.50	121.01	27.00	24.00
170.88	121.01	27.00	24.00
170.88	121.01	27.00	24.00
170.88	121.01	27.00	24.00
172.25	121.01	27.00	24.00
170.88	121.01	27.00	24.00
172.25	121.01	27.00	24.00
170.88	121.01	27.00	24.00
172.25	121.01	27.00	24.00
172.25	121.01	27.00	24.00
172.25	119.30	27.00	24.00
172.25	119.30	27.00	24.00
172.25	119.30	27.00	24.00
172.25	120.67	27.00	24.00
170.88	119.30	27.00	24.00
170.88	122.39	27.00	24.00
172.25	122.39	27.00	24.00
170.88	122.39	27.00	24.00
170.88	122.39	27.00	24.00
170.88	121.01	27.00	24.00
170.88	121.01	27.00	24.00
170.88	119.64	27.00	24.00
170.88	119.64	27.00	24.00
170.88	119.64	27.00	24.00
170.88	121.01	27.00	24.00
170.88	122.39	27.00	24.00
170.88	123.76	27.00	24.00
170.88	123.76	27.00	24.00
170.88	125.13	27.00	24.00
169.50	125.13	27.00	24.00
169.50	125.13	27.00	24.00
169.50	123.76	27.00	24.00
169.50	123.76	27.00	24.00
169.50	123.76	27.00	24.00
169.50	123.76	27.00	24.00
169.50	122.39	27.00	24.00
169.50	123.76	27.00	24.00
169.50	122.39	27.00	24.00
169.50	123.76	27.00	24.00
169.50	122.39	27.00	24.00
169.50	124.10	27.00	24.00
169.50	124.10	27.00	24.00
169.50	124.10	27.00	24.00
169.50	124.10	27.00	24.00
169.50	124.10	27.00	24.00
169.50	124.10	27.00	24.00
169.50	122.73	27.00	24.00
169.50	122.73	27.00	24.00
169.50	122.73	27.00	24.00
169.50	121.36	27.00	24.00
169.50	121.36	27.00	24.00
169.50	122.73	27.00	24.00
169.50	121.36	27.00	24.00
169.50	122.73	27.00	24.00
169.50	122.73	27.00	24.00
169.50	122.73	27.00	24.00
169.50	122.73	27.00	24.00
169.50	122.73	27.00	24.00
169.50	122.73	27.00	24.00
169.50	122.73	27.00	24.00
169.50	122.73	27.00	24.00
169.50	122.73	27.00	24.00
170.88	121.36	27.00	24.00
170.88	122.73	27.00	24.00
170.88	122.73	27.00	24.00
170.88	122.73	27.00	24.00
170.88	121.36	27.00	24.00
170.88	122.73	27.00	24.00
172.25	122.73	27.00	24.00
170.88	122.73	27.00	24.00
172.25	122.73	27.00	24.00
170.88	122.73	27.00	24.00
172.25	122.73	27.00	24.00
172.25	122.73	27.00	24.00
172.25	121.36	27.00	24.00
172.25	122.73	27.00	24.00
172.25	122.73	27.00	24.00
172.25	122.73	27.00	24.00
172.25	122.73	27.00	24.00
173.62	122.73	27.00	24.00
173.62	122.73	27.00	24.00
173.62	122.73	27.00	24.00
173.62	122.73	27.00	24.00
173.62	122.73	27.00	24.00
173.62	122.73	27.00	24.00
174.99	122.73	27.00	24.00
174.99	122.73	27.00	24.00
174.99	122.73	27.00	24.00
174.99	124.10	27.00	24.00
176.37	124.10	27.00	24.00
174.99	122.73	27.00	24.00
176.37	121.36	27.00	24.00
174.99	122.73	27.00	24.00
176.71	122.73	27.00	24.00
176.71	122.73	27.00	24.00
176.71	122.73	27.00	24.00
176.71	122.73	27.00	24.00
176.71	122.73	27.00	24.00
176.71	122.73	27.00	24.00
176.71	124.10	27.00	24.00
176.71	124.10	27.00	24.00
176.71	124.10	27.00	24.00
176.71	124.10	27.00	24.00
176.71	122.73	27.00	24.00
176.71	122.73	27.00	24.00
176.71	122.73	27.00	24.00
176.71	122.73	27.00	24.00
176.71	122.73	27.00	24.00
176.71	122.73	27.00	24.00
176.71	122.73	27.00	24.00
176.71	124.44	27.00	24.00
176.71	125.82	27.00	24.00
175.34	124.44	27.00	24.00
175.34	125.82	27.00	24.00
175.34	125.82	27.00	24.00
175.34	124.10	27.00	24.00
175.34	124.10	27.00	24.00
175.34	124.10	27.00	24.00
175.34	122.73	27.00	24.00
175.34	122.73	27.00	24.00
175.34	122.73	27.00	24.00
175.34	122.73	27.00	24.00
175.34	122.73	27.00	24.00
175.34	122.73	27.00	24.00
175.34	122.73	27.00	24.00
175.34	121.36	27.00	24.00
175.34	121.36	27.00	24.00
173.97	121.36	27.00	24.00
175.34	121.36	27.00	24.00
173.97	121.36	27.00	24.00
175.34	121.36	27.00	24.00
173.97	121.36	27.00	24.00
175.34	121.36	27.00	24.00
173.97	121.36	27.00	24.00
175.34	121.36	27.00	24.00
173.97	122.73	27.00	24.00
175.34	121.36	27.00	24.00
172.97	122.73	28.00	24.00
172.97	122.73	28.00	24.00
172.97	124.11	28.00	24.00
172.97	124.11	28.00	24.00
172.97	124.11	28.00	24.00
172.97	124.11	28.00	24.00
172.97	122.73	28.00	24.00
172.97	122.73	28.00	24.00
172.97	122.73	28.00	24.00
172.97	122.73	28.00	24.00
172.97	122.73	28.00	24.00
172.97	122.73	28.00	24.00
172.97	124.11	28.00	24.00
172.97	124.11	28.00	24.00
172.97	125.50	28.00	24.00
172.97	124.11	28.00	24.00
172.97	125.50	28.00	24.00
171.58	122.73	28.00	24.00
171.58	122.73	28.00	24.00
171.58	124.11	28.00	24.00
171.58	124.11	28.00	24.00
171.58	122.73	28.00	24.00
171.58	121.34	28.00	24.00
171.58	121.34	28.00	24.00
171.58	121.34	28.00	24.00
171.58	121.34	28.00	24.00
171.58	121.34	28.00	24.00
171.58	119.96	28.00	24.00
171.58	119.96	28.00	24.00
170.19	119.96	28.00	24.00
171.58	119.96	28.00	24.00
170.19	119.96	28.00	24.00
170.19	119.96	28.00	24.00
170.19	119.96	28.00	24.00
170.19	118.57	28.00	24.00
170.19	118.57	28.00	24.00
170.19	118.57	28.00	24.00
170.19	118.57	28.00	24.00
170.19	117.19	28.00	24.00
168.81	117.19	28.00	24.00
168.81	117.19	28.00	24.00
168.81	117.19	28.00	24.00
168.81	118.57	28.00	24.00
167.42	116.84	28.00	24.00
168.81	116.84	28.00	24.00
167.42	116.84	28.00	24.00
167.42	115.11	28.00	24.00
167.42	115.11	28.00	24.00
167.42	115.11	28.00	24.00
167.42	115.11	28.00	24.00
167.42	115.11	28.00	24.00
167.42	115.11	28.00	24.00
166.04	115.11	28.00	24.00
166.04	115.11	28.00	24.00
166.04	116.49	28.00	24.00
166.04	116.49	28.00	24.00
166.04	117.88	28.00	24.00
166.04	117.88	28.00	24.00
164.65	119.26	28.00	24.00
164.65	119.26	28.00	24.00
164.65	122.38	28.00	24.00
164.65	122.38	28.00	24.00
164.65	123.77	28.00	24.00
164.65	122.38	28.00	24.00
163.27	123.77	28.00	24.00
164.65	122.38	28.00	24.00
163.27	122.38	28.00	24.00
163.27	122.38	28.00	24.00
163.27	121.00	28.00	24.00
163.27	121.00	28.00	24.00
163.27	121.00	28.00	24.00
163.27	121.00	28.00	24.00
163.27	121.00	28.00	24.00
163.27	119.61	28.00	24.00
162.92	119.61	28.00	24.00
162.92	119.61	28.00	24.00
162.92	118.23	28.00	24.00
162.92	119.61	28.00	25.00
162.92	118.21	28.00	25.00
162.92	118.21	28.00	25.00
162.92	119.61	28.00	25.00
162.92	119.61	28.00	25.00
162.92	119.61	28.00	25.00
162.92	118.21	28.00	25.00
162.92	116.81	28.00	25.00
162.92	116.81	28.00	25.00
162.92	116.81	28.00	25.00
162.92	116.81	28.00	25.00
162.92	116.81	28.00	25.00
162.92	116.81	28.00	25.00
162.92	116.81	28.00	25.00
163.62	116.81	28.00	25.00
163.62	116.81	28.00	25.00
163.62	115.06	28.00	25.00
163.62	113.66	28.00	25.00
163.62	115.06	28.00	25.00
163.62	113.66	28.00	25.00
163.62	113.66	28.00	25.00
165.02	113.66	28.00	25.00
165.02	113.66	28.00	25.00
165.02	114.36	28.00	25.00
165.02	115.76	28.00	25.00
165.02	115.76	28.00	25.00
165.02	115.76	28.00	25.00
166.42	115.76	28.00	25.00
166.42	115.76	28.00	25.00
166.42	114.36	28.00	25.00
166.42	114.36	28.00	25.00
166.42	115.76	28.00	25.00
167.82	115.76	28.00	25.00
166.42	115.76	28.00	25.00
167.82	114.36	28.00	25.00
167.82	114.36	28.00	25.00
167.82	114.36	28.00	25.00
167.82	115.76	28.00	25.00
167.82	115.76	28.00	25.00
167.82	115.76	28.00	25.00
169.22	115.76	28.00	25.00
169.22	115.76	28.00	25.00
169.22	115.76	28.00	25.00
169.22	117.16	28.00	25.00
170.62	115.76	28.00	25.00
169.57	117.16	28.00	25.00
169.57	115.76	28.00	25.00
170.97	117.16	28.00	25.00
170.97	117.16	28.00	25.00
170.97	117.16	28.00	25.00
170.97	115.76	28.00	25.00
170.97	117.16	28.00	25.00
172.37	117.16	28.00	25.00
172.37	117.16	28.00	25.00
172.37	117.16	28.00	25.00
173.77	117.16	28.00	25.00
173.77	118.56	28.00	25.00
173.77	117.16	28.00	25.00
173.77	115.76	28.00	25.00
173.77	118.91	28.00	25.00
173.77	118.91	28.00	25.00
175.16	118.91	28.00	25.00
175.16	117.86	28.00	25.00
175.16	117.86	28.00	25.00
175.16	119.26	28.00	25.00
176.56	117.86	28.00	25.00
175.16	117.86	28.00	25.00
176.56	117.86	28.00	25.00
175.16	116.46	28.00	25.00
176.56	116.46	28.00	25.00
175.16	116.46	28.00	25.00
176.56	117.86	28.00	25.00
175.16	119.26	28.00	25.00
176.56	117.86	28.00	25.00
175.16	119.26	28.00	25.00
176.56	119.26	28.00	25.00
176.56	119.26	28.00	25.00
175.16	119.26	28.00	25.00
176.56	119.26	28.00	25.00
175.16	117.86	28.00	25.00
176.56	119.26	28.00	25.00
176.56	119.26	28.00	25.00
176.56	119.26	28.00	25.00
176.56	119.26	28.00	25.00
175.16	119.26	28.00	25.00
176.56	120.66	28.00	25.00
176.56	120.66	28.00	25.00
175.16	120.66	28.00	25.00
176.56	120.66	28.00	25.00
175.16	120.66	28.00	25.00
176.56	120.66	28.00	25.00
175.16	120.66	28.00	25.00
176.56	119.26	28.00	25.00
175.16	120.66	28.00	25.00
176.56	120.66	28.00	25.00
175.16	119.26	28.00	25.00
176.56	117.86	28.00	25.00
175.16	119.26	28.00	25.00
175.16	119.26	28.00	25.00
175.86	119.26	28.00	25.00
174.46	117.86	28.00	25.00
175.86	119.26	28.00	25.00
175.16	119.26	28.00	25.00
175.16	119.26	28.00	25.00
175.16	119.26	28.00	25.00
173.77	119.26	28.00	25.00
173.77	120.66	28.00	25.00
173.77	120.66	28.00	25.00
172.37	120.66	28.00	25.00
173.77	120.66	28.00	25.00
172.37	120.66	28.00	25.00
172.37	120.66	28.00	25.00
172.37	120.66	28.00	25.00
172.37	120.66	28.00	25.00
170.97	119.26	28.00	25.00
170.97	119.26	28.00	25.00
170.97	120.66	28.00	25.00
169.57	120.66	28.00	25.00
168.17	120.66	28.00	25.00
168.17	120.66	28.00	25.00
168.17	120.66	28.00	25.00
166.77	120.66	28.00	25.00
166.77	120.66	28.00	25.00
166.77	120.66	28.00	25.00
166.77	120.31	28.00	25.00
165.37	118.91	28.00	25.00
166.77	120.66	28.00	25.00
165.37	120.66	28.00	25.00
165.37	120.66	28.00	25.00
165.37	120.66	28.00	25.00
165.37	120.66	28.00	25.00
165.37	119.26	28.00	25.00
165.37	120.66	28.00	25.00
165.37	120.66	28.00	25.00
165.37	119.26	28.00	25.00
165.37	119.26	28.00	25.00
165.37	119.26	28.00	25.00
166.77	119.26	28.00	25.00
165.37	119.26	28.00	25.00
166.42	119.26	28.00	25.00
166.42	119.26	28.00	25.00
166.42	119.26	28.00	25.00
166.42	117.86	28.00	25.00
166.42	117.86	28.00	25.00
166.42	119.61	28.00	25.00
166.42	119.61	28.00	25.00
167.12	119.61	28.00	25.00
167.12	118.21	28.00	25.00
167.12	118.21	28.00	25.00
167.12	118.21	28.00	25.00
167.12	118.21	28.00	25.00
167.12	118.21	28.00	25.00
167.12	118.21	28.00	25.00
167.12	119.61	28.00	25.00
167.12	119.61	28.00	25.00
167.12	119.61	28.00	25.00
167.12	119.96	28.00	25.00
167.12	119.96	28.00	25.00
167.12	118.56	28.00	25.00
167.12	118.56	28.00	25.00
167.12	118.56	28.00	25.00
168.52	119.96	28.00	25.00
167.12	119.96	28.00	25.00
168.52	121.36	28.00	25.00
168.52	119.96	28.00	25.00
168.52	119.96	28.00	25.00
168.52	121.71	28.00	25.00
168.52	121.71	28.00	25.00
168.52	121.71	28.00	25.00
168.52	121.71	28.00	25.00
168.52	121.71	28.00	25.00
168.52	121.71	28.00	25.00
168.52	121.71	28.00	25.00
168.52	120.31	28.00	25.00
168.52	120.31	28.00	25.00
168.52	120.31	28.00	25.00
168.52	120.31	28.00	25.00
168.52	121.71	28.00	25.00
168.52	121.71	28.00	25.00
168.52	121.71	28.00	25.00
168.52	121.71	28.00	25.00
168.52	121.71	28.00	25.00
168.52	121.71	28.00	25.00
168.52	121.71	28.00	25.00
168.52	121.71	28.00	25.00
168.52	120.31	28.00	25.00
168.52	120.31	28.00	25.00
168.52	120.31	28.00	25.00
168.52	120.31	28.00	25.00
168.52	120.31	28.00	25.00
168.52	120.31	28.00	25.00
169.92	121.71	28.00	25.00
169.92	121.71	28.00	25.00
169.92	121.71	28.00	25.00
169.92	121.71	28.00	25.00
169.92	121.71	28.00	25.00
169.92	120.31	28.00	25.00
169.92	120.31	28.00	25.00
169.92	120.31	28.00	25.00
169.92	121.71	28.00	25.00
169.92	121.71	28.00	25.00
169.92	121.71	28.00	25.00
169.92	121.71	29.00	25.00
169.92	121.71	29.00	25.00
169.92	121.71	29.00	25.00
169.92	121.71	29.00	25.00
169.92	121.71	29.00	25.00
169.92	121.71	29.00	25.00
169.92	121.71	29.00	25.00
169.92	121.71	29.00	25.00
169.92	122.12	29.00	26.00
169.92	122.12	29.00	26.00
169.92	122.12	29.00	26.00
169.92	120.64	29.00	26.00
169.92	120.16	29.00	25.00
168.50	121.93	29.00	25.00
168.50	122.34	29.00	26.00
168.50	122.34	29.00	26.00
167.02	120.86	29.00	26.00
167.02	120.86	29.00	26.00
165.55	122.34	29.00	26.00
165.55	122.34	29.00	26.00
165.55	122.34	29.00	26.00
165.55	120.86	29.00	26.00
165.55	120.86	29.00	26.00
164.07	122.34	29.00	26.00
164.07	122.34	29.00	26.00
162.59	122.34	29.00	26.00
164.07	122.34	29.00	26.00
162.59	122.34	29.00	26.00
162.59	122.34	29.00	26.00
162.59	122.34	29.00	26.00
161.11	122.34	29.00	26.00
161.11	123.82	29.00	26.00
159.63	122.34	29.00	26.00
159.63	122.34	29.00	26.00
159.63	123.82	29.00	26.00
158.15	122.34	29.00	26.00
158.15	122.34	29.00	26.00
156.67	122.34	29.00	26.00
156.67	122.34	29.00	26.00
155.67	122.34	30.00	26.00
154.18	122.34	30.00	26.00
154.18	122.34	30.00	26.00
154.18	122.34	30.00	26.00
152.68	120.85	30.00	26.00
152.68	120.85	30.00	26.00
151.19	120.85	30.00	26.00
151.19	120.85	30.00	26.00
151.19	122.34	30.00	26.00
149.70	120.85	30.00	26.00
149.70	119.36	30.00	27.00
148.19	120.86	30.00	27.00
148.19	122.37	30.00	27.00
148.19	120.86	30.00	27.00
148.19	122.37	30.00	27.00
146.69	120.86	30.00	27.00
146.69	120.86	30.00	27.00
145.18	120.86	30.00	27.00
145.18	120.86	30.00	27.00
145.18	120.86	30.00	27.00
145.18	120.86	30.00	27.00
145.18	120.86	30.00	27.00
143.67	120.86	30.00	27.00
143.67	120.86	30.00	27.00
142.17	122.37	30.00	27.00
142.17	122.37	30.00	27.00
142.17	120.49	30.00	27.00
142.17	120.49	30.00	27.00
142.17	120.49	30.00	27.00
140.66	120.49	30.00	27.00
140.66	120.11	30.00	27.00
139.16	119.11	31.00	28.00
139.16	119.11	31.00	28.00
139.16	119.11	31.00	28.00
139.16	119.11	31.00	28.00
137.57	120.70	31.00	28.00
137.57	119.11	31.00	28.00
137.57	119.11	31.00	28.00
137.57	119.11	31.00	28.00
137.57	119.11	31.00	28.00
135.98	119.11	31.00	28.00
135.98	120.70	31.00	28.00
135.98	119.11	31.00	28.00
135.98	119.11	31.00	28.00
135.98	119.11	31.00	28.00
134.40	119.11	31.00	28.00
134.40	119.11	31.00	28.00
132.81	119.11	31.00	28.00
131.81	119.11	32.00	28.00
131.81	119.11	32.00	28.00
131.81	119.11	32.00	28.00
130.21	119.11	32.00	28.00
130.21	119.11	32.00	28.00
130.21	119.11	32.00	28.00
130.21	119.11	32.00	28.00
128.61	117.51	32.00	28.00
128.61	119.11	32.00	28.00
127.01	119.11	32.00	29.00
127.01	119.11	32.00	29.00
127.01	119.11	32.00	29.00
127.01	119.11	32.00	29.00
125.40	119.11	32.00	29.00
125.40	119.11	32.00	29.00
125.40	119.11	32.00	29.00
123.79	117.50	32.00	29.00
123.79	119.11	32.00	29.00
122.18	117.50	32.00	29.00
122.18	119.11	32.00	29.00
122.18	117.50	32.00	29.00
120.56	117.50	32.00	29.00
120.56	117.50	32.00	29.00
118.95	117.50	32.00	29.00
118.95	117.50	32.00	29.00
118.95	117.50	33.00	29.00
117.95	118.12	34.00	30.00
116.24	118.12	34.00	30.00
116.24	118.12	34.00	30.00
116.24	118.12	34.00	30.00
116.24	118.12	34.00	30.00
114.11	119.83	34.00	30.00
114.11	118.12	34.00	30.00
112.41	118.12	34.00	30.00
112.41	118.12	34.00	30.00
112.41	118.12	34.00	30.00
112.41	118.12	34.00	30.00
110.70	118.12	34.00	30.00
110.70	118.12	34.00	30.00
110.70	118.12	34.00	30.00
110.70	118.12	34.00	30.00
108.99	118.12	34.00	30.00
109.99	119.12	33.00	29.00
109.99	119.12	33.00	29.00
109.99	119.12	33.00	29.00
108.99	118.12	34.00	30.00
108.99	118.12	34.00	30.00
108.99	118.12	34.00	30.00
107.29	119.83	34.00	30.00
108.99	118.12	34.00	30.00
107.29	118.12	34.00	30.00
107.29	119.83	34.00	30.00
107.29	118.12	34.00	30.00
107.29	118.12	34.00	30.00
107.29	118.12	34.00	30.00
107.29	116.42	34.00	30.00
107.29	118.12	34.00	30.00
107.29	118.12	34.00	30.00
107.29	118.12	34.00	30.00
107.29	118.12	34.00	30.00
105.58	118.12	34.00	30.00
105.58	119.83	34.00	30.00
105.58	118.12	34.00	30.00
105.58	118.12	34.00	30.00
105.58	118.12	34.00	30.00
105.58	118.12	34.00	30.00
105.58	118.12	34.00	30.00
105.58	118.12	34.00	30.00
103.88	118.12	34.00	30.00
105.58	118.12	34.00	30.00
103.88	118.12	34.00	30.00
103.88	116.42	34.00	30.00
103.88	118.12	34.00	30.00
103.88	116.42	34.00	30.00
103.88	118.12	34.00	30.00
103.88	115.99	34.00	30.00
103.88	115.99	34.00	30.00
103.88	115.99	34.00	30.00
103.88	117.70	34.00	30.00
103.88	117.70	34.00	30.00
103.88	117.70	34.00	30.00
103.88	117.70	34.00	30.00
103.88	117.70	34.00	30.00
103.88	115.99	35.00	31.00
103.88	117.72	35.00	31.00
103.88	117.72	35.00	31.00
103.88	117.72	35.00	31.00
103.88	117.72	35.00	31.00
103.88	117.72	35.00	31.00
103.88	117.72	35.00	31.00
102.14	117.72	35.00	31.00
102.14	117.72	35.00	31.00
102.14	117.72	35.00	31.00
102.14	117.72	35.00	31.00
102.14	115.99	35.00	31.00
102.14	115.99	35.00	31.00
102.14	117.72	35.00	31.00
102.14	117.72	35.00	31.00
102.14	117.72	35.00	31.00
100.41	115.99	35.00	31.00
102.14	118.16	35.00	31.00
100.41	116.42	34.00	30.00
102.12	116.42	35.00	31.00
100.39	116.42	35.00	31.00
100.39	116.42	35.00	31.00
100.39	116.42	35.00	31.00
100.39	116.42	35.00	31.00
100.39	116.42	35.00	31.00
100.39	116.42	35.00	31.00
100.39	116.42	35.00	31.00
100.39	116.42	35.00	31.00
100.39	116.42	35.00	31.00
100.39	116.42	35.00	31.00
100.39	116.42	35.00	31.00
100.39	116.42	35.00	31.00
100.39	116.42	35.00	31.00
100.39	116.42	35.00	31.00
100.39	116.42	35.00	31.00
100.39	116.42	35.00	31.00
100.39	116.42	35.00	31.00
100.39	116.42	35.00	31.00
100.39	114.69	35.00	31.00
100.39	116.86	35.00	31.00
100.39	116.86	35.00	31.00
100.39	116.86	35.00	31.00
98.65	116.86	35.00	31.00
100.39	116.86	35.00	31.00
100.39	116.86	35.00	31.00
98.65	116.86	35.00	31.00
98.65	116.86	35.00	31.00
98.65	116.86	35.00	31.00
98.65	116.86	35.00	31.00
98.65	116.86	35.00	31.00
98.65	116.86	35.00	31.00
98.65	116.86	35.00	31.00
98.65	118.59	35.00	31.00
98.65	118.59	35.00	31.00
98.65	116.86	35.00	31.00
98.65	118.59	35.00	31.00
98.65	118.59	35.00	31.00
98.65	118.59	35.00	31.00
98.65	118.59	35.00	31.00
96.92	118.59	35.00	31.00
96.92	118.59	35.00	31.00
96.92	118.59	35.00	31.00
96.92	118.59	35.00	31.00
96.92	118.59	35.00	31.00
96.92	118.59	35.00	31.00
96.92	118.59	35.00	31.00
96.92	120.32	35.00	31.00
96.92	118.16	35.00	31.00
95.19	116.42	35.00	31.00
95.19	118.59	35.00	31.00
95.19	118.59	35.00	31.00
95.19	118.59	35.00	31.00
93.46	118.59	35.00	31.00
93.46	118.59	35.00	31.00
93.46	118.59	35.00	31.00
93.46	118.59	35.00	31.00
93.46	118.59	35.00	31.00
93.46	120.32	35.00	31.00
93.46	120.32	35.00	31.00
93.46	118.59	35.00	31.00
93.46	118.59	35.00	31.00
93.46	118.59	35.00	31.00
93.46	120.32	35.00	31.00
93.46	120.32	35.00	31.00
92.59	120.32	35.00	31.00
92.59	120.32	35.00	31.00
92.59	120.32	35.00	31.00
92.59	120.32	35.00	31.00
92.59	120.32	35.00	31.00
92.59	118.59	35.00	31.00
92.59	118.59	35.00	31.00
92.59	118.59	35.00	31.00
92.59	120.32	35.00	31.00
92.59	118.59	35.00	31.00
92.59	120.32	35.00	31.00
90.86	120.32	35.00	31.00
92.59	120.32	35.00	31.00
90.86	120.32	35.00	31.00
90.86	120.32	35.00	31.00
90.86	120.32	35.00	31.00
90.86	118.59	35.00	31.00
90.86	116.86	35.00	31.00
90.86	118.59	35.00	31.00
90.86	118.59	35.00	31.00
90.86	118.59	35.00	31.00
90.86	118.59	35.00	31.00
90.86	118.59	35.00	31.00
90.86	118.59	35.00	31.00
90.86	116.86	35.00	31.00
90.86	118.59	35.00	31.00
90.86	116.86	35.00	31.00
90.86	116.86	35.00	31.00
90.86	116.86	35.00	31.00
90.86	116.86	35.00	31.00
90.86	116.86	35.00	31.00
90.86	116.86	35.00	31.00
90.86	116.86	35.00	31.00
92.59	116.86	35.00	31.00
92.59	116.86	35.00	31.00
92.59	116.86	35.00	31.00
92.59	116.86	35.00	31.00
92.59	118.59	35.00	31.00
92.59	116.86	35.00	31.00
92.59	116.86	35.00	31.00
92.59	116.86	35.00	31.00
92.59	116.86	35.00	31.00
92.59	116.86	35.00	31.00
92.59	116.86	35.00	31.00
92.59	116.86	35.00	31.00
92.59	116.86	35.00	31.00
92.59	116.86	35.00	31.00
94.32	116.86	35.00	31.00
94.32	116.86	35.00	31.00
94.32	118.59	35.00	31.00
94.32	116.86	35.00	31.00
94.32	118.59	35.00	31.00
94.32	116.42	35.00	31.00
94.32	116.42	35.00	31.00
94.32	116.42	35.00	31.00
94.32	116.42	35.00	31.00
96.05	116.42	35.00	31.00
94.32	116.42	35.00	31.00
96.05	116.42	35.00	31.00
96.05	118.16	35.00	31.00
96.05	118.16	35.00	31.00
96.05	118.16	35.00	31.00
96.05	116.42	35.00	31.00
96.05	116.42	35.00	31.00
96.05	116.42	35.00	31.00
96.05	118.16	35.00	31.00
96.05	117.29	35.00	31.00
96.05	117.29	35.00	31.00
96.05	117.29	35.00	31.00
96.05	117.29	35.00	31.00
97.79	117.29	35.00	31.00
97.79	117.29	35.00	31.00
97.79	117.29	35.00	31.00
97.79	117.29	35.00	31.00
97.79	117.29	35.00	31.00
97.79	117.29	35.00	31.00
97.79	117.29	35.00	31.00
99.52	117.29	35.00	31.00
97.79	117.29	35.00	31.00
99.52	117.29	35.00	31.00
99.52	117.29	34.00	30.00
97.81	119.00	34.00	30.00
97.81	117.29	34.00	30.00
99.52	117.29	34.00	30.00
97.81	119.00	34.00	30.00
99.52	119.00	34.00	30.00
99.52	117.29	34.00	30.00
99.52	117.29	34.00	30.00
99.52	117.29	34.00	30.00
99.52	119.42	34.00	30.00
99.52	119.42	34.00	30.00
99.52	119.42	34.00	30.00
99.52	117.72	34.00	30.00
99.52	116.01	34.00	30.00
99.52	117.72	34.00	30.00
101.22	117.72	34.00	30.00
101.22	117.72	34.00	30.00
101.22	117.72	34.00	30.00
101.22	117.72	34.00	30.00
102.93	117.72	34.00	30.00
101.22	117.72	34.00	30.00
102.93	117.72	34.00	30.00
102.93	117.72	34.00	30.00
102.93	117.72	34.00	30.00
102.93	117.72	34.00	30.00
102.93	117.72	34.00	30.00
102.93	119.42	34.00	30.00
102.93	119.42	34.00	30.00
102.93	119.42	34.00	30.00
102.93	117.72	34.00	30.00
102.93	116.01	34.00	30.00
104.64	118.14	34.00	30.00
102.93	118.14	34.00	30.00
102.93	118.14	34.00	30.00
102.93	118.14	34.00	30.00
102.93	118.14	34.00	30.00
102.93	118.14	34.00	30.00
102.93	118.14	34.00	30.00
102.93	118.14	34.00	30.00
102.93	118.14	34.00	30.00
102.93	118.14	34.00	30.00
102.93	118.14	34.00	30.00
102.93	118.14	34.00	30.00
102.93	118.14	34.00	30.00
102.93	118.14	34.00	30.00
102.93	118.14	34.00	30.00
102.93	118.14	34.00	30.00
102.93	118.14	34.00	30.00
102.93	118.14	34.00	30.00
102.93	118.14	34.00	30.00
102.93	118.14	34.00	30.00
102.93	118.14	34.00	30.00
101.22	118.14	34.00	30.00
102.93	118.14	34.00	30.00
101.22	118.14	34.00	30.00
101.22	118.14	34.00	30.00
101.22	118.14	34.00	30.00
101.22	118.14	34.00	30.00
101.22	118.14	34.00	30.00
101.22	118.14	34.00	30.00
101.22	119.85	34.00	30.00
101.22	119.85	34.00	30.00
101.22	119.85	34.00	30.00
101.22	119.85	34.00	30.00
101.22	118.14	34.00	30.00
102.93	119.85	34.00	30.00
101.22	118.14	34.00	30.00
101.22	119.85	34.00	30.00
101.22	118.14	34.00	30.00
101.22	119.85	34.00	30.00
101.22	119.85	34.00	30.00
101.22	119.85	34.00	30.00
101.22	119.85	34.00	30.00
101.22	121.55	34.00	30.00
102.22	120.85	33.00	29.00
102.22	120.85	33.00	29.00
101.22	119.85	34.00	30.00
101.22	119.85	34.00	30.00
102.93	121.55	34.00	30.00
101.22	119.85	34.00	30.00
101.22	119.85	34.00	30.00
101.22	119.85	34.00	30.00
101.22	119.85	34.00	30.00
101.22	119.85	34.00	30.00
101.22	119.85	34.00	30.00
101.22	119.85	34.00	30.00
101.22	119.85	34.00	30.00
101.22	119.85	34.00	30.00
101.22	119.85	34.00	30.00
101.22	119.85	34.00	30.00
101.22	119.85	34.00	30.00
101.22	119.85	34.00	30.00
101.22	119.85	34.00	30.00
101.22	119.85	34.00	30.00
101.22	119.85	34.00	30.00
101.22	121.55	34.00	30.00
102.22	120.85	33.00	29.00
100.60	120.85	33.00	29.00
101.22	119.85	34.00	30.00
101.22	119.85	34.00	30.00
101.22	119.85	34.00	30.00
101.22	118.14	34.00	30.00
101.22	119.85	34.00	30.00
101.22	119.85	34.00	30.00
101.22	119.85	34.00	30.00
101.22	119.85	34.00	30.00
101.22	119.85	34.00	30.00
101.22	119.85	34.00	30.00
101.22	119.85	34.00	30.00
101.22	119.85	34.00	30.00
101.22	119.85	34.00	30.00
101.22	119.85	34.00	30.00
101.22	119.85	34.00	30.00
101.22	119.85	34.00	30.00
101.22	119.85	34.00	30.00
101.22	118.14	34.00	30.00
101.22	119.85	34.00	30.00
101.22	119.85	34.00	30.00
101.22	119.85	34.00	30.00
101.22	119.85	34.00	30.00
101.22	119.85	34.00	30.00
101.22	119.85	34.00	30.00
101.22	119.85	34.00	30.00
101.22	119.85	34.00	30.00
101.22	119.85	34.00	30.00
101.22	119.85	34.00	30.00
101.22	121.13	34.00	30.00
101.22	121.13	34.00	30.00
101.22	121.13	34.00	30.00
101.22	122.83	34.00	30.00
101.22	122.83	34.00	30.00
101.22	121.13	34.00	30.00
101.22	121.13	34.00	30.00
101.22	121.13	35.00	31.00
99.49	119.40	34.00	30.00
101.20	119.40	34.00	30.00
101.20	121.10	34.00	30.00
101.20	121.10	34.00	30.00
101.20	121.10	34.00	30.00
99.49	121.10	34.00	30.00
101.20	122.81	34.00	30.00
99.49	121.10	34.00	30.00
101.20	121.10	34.00	30.00
99.49	121.10	35.00	31.00
99.49	119.37	35.00	31.00
99.49	119.37	35.00	31.00
99.49	121.10	35.00	31.00
99.49	119.37	35.00	31.00
99.49	119.37	35.00	31.00
99.49	119.37	35.00	31.00
99.49	119.37	35.00	31.00
99.49	119.37	35.00	31.00
99.49	119.37	35.00	31.00
99.49	119.37	35.00	31.00
99.49	119.37	35.00	31.00
99.49	119.37	35.00	31.00
99.49	119.37	35.00	31.00
99.49	119.37	35.00	31.00
99.49	119.37	35.00	31.00
99.49	119.37	35.00	31.00
99.49	119.37	35.00	31.00
99.49	119.37	35.00	31.00
99.49	119.37	35.00	31.00
99.49	119.37	35.00	31.00
99.49	119.37	35.00	31.00
99.49	119.37	35.00	31.00
99.49	117.64	35.00	31.00
98.49	118.37	36.00	32.00
100.30	118.37	36.00	32.00
100.30	118.37	36.00	32.00
100.30	116.56	36.00	32.00
100.30	116.56	36.00	32.00
100.30	116.56	36.00	32.00
100.30	116.56	36.00	32.00
100.30	116.56	36.00	32.00
100.30	116.56	36.00	32.00
100.30	116.56	36.00	32.00
100.30	116.56	36.00	32.00
102.12	116.56	36.00	32.00
100.30	116.56	36.00	32.00
102.12	118.37	36.00	32.00
102.12	118.37	36.00	32.00
102.12	118.37	36.00	32.00
102.12	118.37	36.00	32.00
102.12	118.37	36.00	32.00
103.93	118.37	36.00	32.00
102.12	118.37	36.00	32.00
103.93	118.37	36.00	32.00
103.93	120.18	36.00	32.00
103.93	120.18	36.00	32.00
103.93	120.18	36.00	32.00
103.93	120.18	36.00	32.00
103.93	120.18	36.00	32.00
103.93	120.18	36.00	32.00
103.93	120.18	36.00	32.00
103.93	120.18	36.00	32.00
103.93	119.73	36.00	32.00
103.93	119.73	36.00	32.00
103.93	119.73	36.00	32.00
103.93	117.92	36.00	32.00
103.93	117.92	36.00	32.00
103.93	117.92	36.00	32.00
105.74	117.92	36.00	32.00
105.74	117.92	36.00	32.00
105.29	117.92	36.00	32.00
105.29	117.92	36.00	32.00
105.29	117.92	36.00	32.00
105.29	117.92	36.00	32.00
105.29	117.92	36.00	32.00
107.10	117.92	36.00	32.00
107.10	117.92	36.00	32.00
107.10	117.92	36.00	32.00
105.29	116.10	36.00	32.00
107.10	117.92	36.00	32.00
107.10	117.92	36.00	32.00
107.10	117.92	36.00	32.00
107.10	116.10	36.00	32.00
107.10	116.10	36.00	32.00
107.10	117.92	36.00	32.00
107.10	117.92	36.00	32.00
107.10	117.92	36.00	32.00
105.29	119.73	36.00	32.00
105.29	119.73	36.00	32.00
105.29	119.73	36.00	32.00
105.29	119.73	36.00	32.00
105.29	119.73	36.00	32.00
105.29	119.73	36.00	32.00
105.29	119.73	36.00	32.00
105.29	119.73	36.00	32.00
103.48	119.73	36.00	32.00
103.48	119.73	36.00	32.00
103.48	121.54	36.00	32.00
103.48	121.54	36.00	32.00
101.66	121.54	36.00	32.00
101.66	119.73	36.00	32.00
99.85	121.54	36.00	32.00
99.85	121.54	36.00	32.00
99.85	121.54	36.00	32.00
98.04	121.54	36.00	32.00
98.04	121.54	36.00	32.00
98.04	121.54	36.00	32.00
98.04	121.54	36.00	32.00
98.04	119.73	36.00	32.00
98.04	121.54	36.00	32.00
96.23	121.54	36.00	32.00
96.23	121.54	36.00	32.00
96.23	121.54	36.00	32.00
96.23	121.54	36.00	32.00
96.23	121.54	36.00	32.00
96.23	121.54	36.00	32.00
96.23	121.54	36.00	32.00
94.41	119.73	36.00	32.00
94.41	119.73	36.00	32.00
94.41	121.54	36.00	32.00
94.41	121.54	36.00	32.00
94.41	121.54	36.00	32.00
94.41	121.54	36.00	32.00
94.41	119.73	36.00	32.00
94.41	121.54	36.00	32.00
92.60	119.73	36.00	32.00
92.60	121.54	36.00	32.00
92.60	119.73	36.00	32.00
92.60	119.73	36.00	32.00
92.60	119.73	36.00	32.00
90.79	119.73	36.00	32.00
90.79	119.73	36.00	32.00
90.79	119.73	36.00	32.00
90.79	119.73	36.00	32.00
90.79	119.73	36.00	32.00
90.79	119.73	36.00	32.00
90.79	119.73	36.00	32.00
90.79	119.73	36.00	32.00
90.79	119.73	36.00	32.00
90.79	119.73	36.00	32.00
90.79	119.73	36.00	32.00
90.79	119.73	36.00	32.00
90.79	119.73	36.00	32.00
90.79	121.54	36.00	32.00
90.79	121.54	36.00	32.00
90.79	121.54	36.00	32.00
90.79	119.73	36.00	32.00
90.79	119.73	36.00	32.00
90.79	119.73	36.00	32.00
90.79	121.54	36.00	32.00
90.79	121.54	36.00	32.00
90.79	121.54	36.00	32.00
90.79	121.54	36.00	32.00
90.79	121.54	36.00	32.00
90.79	123.35	36.00	32.00
90.79	125.17	36.00	32.00
90.79	123.35	36.00	32.00
90.79	125.17	36.00	32.00
90.79	123.35	36.00	32.00
90.79	123.35	36.00	32.00
90.79	123.35	36.00	32.00
90.79	123.35	36.00	32.00
90.79	123.35	36.00	32.00
90.79	123.35	36.00	32.00
90.79	123.35	36.00	32.00
90.79	123.35	36.00	32.00
90.79	125.17	36.00	32.00
92.60	125.17	36.00	32.00
90.79	123.35	36.00	32.00
90.79	123.35	36.00	32.00
90.79	121.54	36.00	32.00
90.79	121.54	36.00	32.00
90.79	121.54	36.00	32.00
90.79	121.54	36.00	32.00
90.79	121.54	36.00	32.00
90.79	121.54	36.00	32.00
90.79	121.54	36.00	32.00
90.79	121.54	36.00	32.00
90.79	121.54	36.00	32.00
90.79	121.54	36.00	32.00
90.79	121.54	36.00	32.00
90.79	121.54	36.00	32.00
90.79	121.54	36.00	32.00
90.79	121.54	36.00	32.00
90.79	121.54	36.00	32.00
90.79	121.54	36.00	32.00
90.79	119.73	36.00	32.00
88.98	119.73	36.00	32.00
88.98	119.73	36.00	32.00
88.98	121.54	36.00	32.00
88.98	121.54	36.00	32.00
88.98	119.73	36.00	32.00
88.98	121.54	36.00	32.00
88.98	121.54	36.00	32.00
88.98	119.73	36.00	32.00
88.98	121.54	36.00	32.00
88.98	121.54	36.00	32.00
88.98	121.54	36.00	32.00
88.98	119.73	36.00	32.00
88.98	119.73	36.00	32.00
88.98	121.54	36.00	32.00
88.98	121.54	36.00	32.00
88.98	119.73	36.00	32.00
88.98	119.73	36.00	32.00
88.98	119.73	36.00	32.00
88.98	121.54	36.00	32.00
88.98	121.54	36.00	32.00
88.98	121.54	36.00	32.00
87.16	119.73	36.00	32.00
87.16	119.73	36.00	32.00
87.16	119.73	36.00	32.00
87.16	119.73	36.00	32.00
87.16	119.73	36.00	32.00
87.16	119.73	36.00	32.00
87.16	119.73	36.00	32.00
87.16	119.73	36.00	32.00
87.16	119.73	36.00	32.00
87.16	119.73	36.00	32.00
87.16	119.73	36.00	32.00
87.16	119.73	36.00	32.00
87.16	119.73	36.00	32.00
87.16	119.73	36.00	32.00
85.35	119.73	36.00	32.00
87.16	121.54	36.00	32.00
87.16	119.73	36.00	32.00
87.16	121.54	36.00	32.00
87.16	119.73	36.00	32.00
87.16	119.73	36.00	32.00
87.16	119.73	36.00	32.00
87.16	119.73	36.00	32.00
85.35	121.54	36.00	32.00
87.16	121.54	36.00	32.00
85.35	121.54	36.00	32.00
85.35	121.54	36.00	32.00
85.35	119.73	36.00	32.00
85.35	121.54	36.00	32.00
87.16	121.54	37.00	33.00
85.32	121.54	37.00	33.00
85.32	119.70	37.00	33.00
85.32	119.70	37.00	33.00
85.32	121.54	37.00	33.00
85.32	121.54	37.00	33.00
85.32	121.54	37.00	33.00
85.32	121.54	37.00	33.00
87.16	121.54	37.00	33.00
87.16	121.54	37.00	33.00
87.16	121.54	37.00	33.00
87.16	121.54	37.00	33.00
87.16	121.54	37.00	33.00
87.16	121.54	37.00	33.00
87.16	121.54	37.00	33.00
87.16	121.54	37.00	33.00
87.16	119.70	37.00	33.00
87.16	121.54	37.00	33.00
87.16	119.70	37.00	33.00
87.16	119.70	37.00	33.00
87.16	121.54	37.00	33.00
87.16	121.54	37.00	33.00
87.16	121.54	37.00	33.00
87.16	121.54	37.00	33.00
87.16	121.54	37.00	33.00
87.16	121.54	37.00	33.00
87.16	121.54	37.00	33.00
87.16	121.54	37.00	33.00
87.16	121.54	37.00	33.00
87.16	121.54	37.00	33.00
87.16	121.54	37.00	33.00
87.16	123.38	37.00	33.00
87.16	121.54	37.00	33.00
87.16	123.38	37.00	33.00
87.16	123.38	37.00	33.00
87.16	123.38	37.00	33.00
87.16	121.54	37.00	33.00
87.16	121.54	37.00	33.00
87.16	121.54	37.00	33.00
87.16	121.54	37.00	33.00
87.16	121.54	37.00	33.00
87.16	121.54	37.00	33.00
87.16	121.54	37.00	33.00
87.16	121.54	37.00	33.00
87.16	123.38	37.00	33.00
87.16	121.54	37.00	33.00
87.16	121.54	37.00	33.00
87.16	121.54	37.00	33.00
87.16	123.38	37.00	33.00
87.16	121.54	37.00	33.00
87.16	121.54	37.00	33.00
87.16	123.38	37.00	33.00
87.16	123.38	37.00	33.00
87.16	121.54	37.00	33.00
87.16	121.54	37.00	33.00
87.16	121.54	37.00	33.00
87.16	121.54	37.00	33.00
87.16	121.54	37.00	33.00
87.16	121.54	37.00	33.00
87.16	121.54	37.00	33.00
87.16	121.54	37.00	33.00
87.16	121.54	37.00	33.00
87.16	121.54	37.00	33.00
87.16	121.54	37.00	33.00
87.16	123.38	37.00	33.00
87.16	123.38	37.00	33.00
87.16	121.54	37.00	33.00
87.16	121.54	37.00	33.00
87.16	123.38	37.00	33.00
87.16	123.38	37.00	33.00
87.16	123.38	37.00	33.00
87.16	123.38	37.00	33.00
87.16	123.38	37.00	33.00
87.16	121.54	37.00	33.00
87.16	123.38	37.00	33.00
87.16	123.38	37.00	33.00
87.16	123.38	37.00	33.00
87.16	123.38	37.00	33.00
87.16	123.38	37.00	33.00
87.16	123.38	37.00	33.00
87.16	123.38	37.00	33.00
87.16	123.38	37.00	33.00
87.16	123.38	37.00	33.00
87.16	123.38	37.00	33.00
87.16	123.38	37.00	33.00
87.16	123.38	37.00	33.00
89.00	123.38	37.00	33.00
89.00	123.38	37.00	33.00
89.00	123.38	37.00	33.00
89.00	121.54	37.00	33.00
89.00	121.54	37.00	33.00
89.00	121.54	37.00	33.00
89.00	121.54	37.00	33.00
89.00	121.54	37.00	33.00
89.00	123.38	37.00	33.00
89.00	123.38	37.00	33.00
89.00	123.38	37.00	33.00
89.00	123.38	37.00	33.00
89.00	123.38	37.00	33.00
90.84	123.38	37.00	33.00
90.84	121.54	37.00	33.00
90.84	121.54	37.00	33.00
90.84	121.54	37.00	33.00
90.84	121.54	37.00	33.00
90.84	121.54	37.00	33.00
90.84	123.38	37.00	33.00
90.84	123.38	37.00	33.00
90.84	123.38	37.00	33.00
90.84	121.54	37.00	33.00
90.84	123.38	37.00	33.00
90.84	123.38	37.00	33.00
90.84	123.38	37.00	33.00
90.84	123.38	37.00	33.00
92.68	123.38	37.00	33.00
92.68	123.38	37.00	33.00
92.68	123.38	37.00	33.00
92.68	123.38	37.00	33.00
92.68	123.38	37.00	33.00
92.68	123.38	37.00	33.00
92.68	123.38	37.00	33.00
92.68	123.38	37.00	33.00
92.68	123.38	37.00	33.00
92.68	125.22	37.00	33.00
92.68	123.38	37.00	33.00
92.68	123.38	37.00	33.00
92.68	123.38	37.00	33.00
92.68	123.38	37.00	33.00
92.68	123.38	37.00	33.00
92.68	123.38	37.00	33.00
92.68	123.38	37.00	33.00
92.68	123.38	37.00	33.00
94.52	123.38	37.00	33.00
92.68	121.54	37.00	33.00
94.52	123.38	37.00	33.00
92.68	123.38	37.00	33.00
94.52	123.38	37.00	33.00
94.52	123.38	37.00	33.00
94.52	121.54	37.00	33.00
94.52	121.54	37.00	33.00
94.52	121.54	37.00	33.00
94.52	121.54	37.00	33.00
94.52	121.54	37.00	33.00
92.68	121.54	37.00	33.00
94.52	123.38	37.00	33.00
92.68	123.38	37.00	33.00
94.52	123.38	37.00	33.00
92.68	123.38	37.00	33.00
92.68	123.38	37.00	33.00
92.68	123.38	37.00	33.00
92.68	121.54	37.00	33.00
92.68	121.54	37.00	33.00
92.68	121.54	37.00	33.00
92.68	121.54	37.00	33.00
92.68	121.54	37.00	33.00
92.68	121.54	37.00	33.00
92.68	121.54	37.00	33.00
92.68	123.38	37.00	33.00
92.68	123.38	37.00	33.00
92.68	123.38	37.00	33.00
92.68	123.38	37.00	33.00
92.68	123.38	37.00	33.00
92.68	123.38	37.00	33.00
92.68	123.38	37.00	33.00
92.68	123.38	37.00	33.00
92.68	123.38	37.00	33.00
92.68	123.38	37.00	33.00
92.68	123.38	37.00	33.00
92.68	123.38	37.00	33.00
92.68	123.38	37.00	33.00
92.68	123.38	37.00	33.00
92.68	123.38	37.00	33.00
92.68	123.38	37.00	33.00
90.84	121.54	37.00	33.00
92.68	121.54	37.00	33.00
90.84	123.38	37.00	33.00
92.68	123.38	37.00	33.00
90.84	123.38	37.00	33.00
90.84	123.38	37.00	33.00
90.84	121.54	37.00	33.00
90.84	123.84	37.00	33.00
90.84	123.84	37.00	33.00
90.84	123.84	37.00	33.00
90.84	123.84	37.00	33.00
90.84	123.84	37.00	33.00
90.84	123.84	37.00	33.00
90.84	123.84	37.00	33.00
90.84	123.84	37.00	33.00
90.84	123.84	37.00	33.00
90.84	123.84	37.00	33.00
90.84	123.84	37.00	33.00
90.84	123.84	37.00	33.00
90.84	125.68	37.00	33.00
90.84	125.68	37.00	33.00
90.84	123.84	37.00	33.00
90.84	123.84	37.00	33.00
90.84	123.84	37.00	33.00
90.84	123.84	37.00	33.00
90.84	123.84	37.00	33.00
90.84	123.84	37.00	33.00
90.84	123.84	37.00	33.00
90.84	123.84	37.00	33.00
90.84	123.84	37.00	33.00
90.84	123.84	37.00	33.00
90.84	123.84	37.00	33.00
90.84	123.84	37.00	33.00
90.84	123.84	37.00	33.00
90.84	123.84	37.00	33.00
90.84	122.00	37.00	33.00
90.84	122.00	37.00	33.00
90.84	122.00	37.00	33.00
90.84	122.00	37.00	33.00
90.84	122.00	37.00	33.00
90.84	122.00	37.00	33.00
90.84	122.00	37.00	33.00
90.84	122.00	37.00	33.00
90.84	122.00	37.00	33.00
90.84	122.00	37.00	33.00
90.84	120.16	37.00	33.00
90.84	122.00	37.00	33.00
90.84	122.00	37.00	33.00
90.84	122.00	37.00	33.00
90.84	122.00	37.00	33.00
90.84	122.00	37.00	33.00
90.84	120.16	37.00	33.00
90.84	120.16	37.00	33.00
90.84	118.32	37.00	33.00
90.84	120.16	37.00	33.00
90.84	120.16	37.00	33.00
90.84	120.16	37.00	33.00
90.84	120.16	37.00	33.00
89.00	120.16	37.00	33.00
89.00	122.00	37.00	33.00
89.00	122.00	37.00	33.00
89.00	122.00	37.00	33.00
89.00	122.00	37.00	33.00
89.00	122.00	37.00	33.00
89.00	122.00	37.00	33.00
89.00	120.16	37.00	33.00
89.00	120.16	37.00	33.00
89.00	122.00	37.00	33.00
87.16	122.00	37.00	33.00
87.16	122.00	37.00	33.00
87.16	122.00	37.00	33.00
87.16	122.00	37.00	33.00
87.16	122.00	37.00	33.00
87.16	122.00	37.00	33.00
87.16	122.00	37.00	33.00
87.16	122.00	37.00	33.00
85.32	122.00	37.00	33.00
85.32	122.00	37.00	33.00
85.32	120.16	37.00	33.00
85.32	120.16	37.00	33.00
85.32	120.16	37.00	33.00
85.32	120.16	37.00	33.00
85.32	120.16	37.00	33.00
85.32	120.16	37.00	33.00
83.49	120.16	37.00	33.00
83.49	120.16	37.00	33.00
83.49	120.16	37.00	33.00
83.49	120.16	37.00	33.00
83.49	120.16	37.00	33.00
83.49	122.46	37.00	33.00
81.65	122.46	37.00	33.00
81.65	122.46	37.00	33.00
81.65	122.46	37.00	33.00
81.65	122.46	37.00	33.00
81.65	122.46	37.00	33.00
79.81	120.62	37.00	33.00
79.81	120.62	37.00	33.00
79.81	120.62	37.00	33.00
79.81	120.62	37.00	33.00
79.81	120.62	37.00	33.00
79.81	122.46	37.00	33.00
77.97	122.46	37.00	33.00
77.97	122.46	37.00	33.00
77.97	122.46	37.00	33.00
77.97	122.46	37.00	33.00
77.97	122.46	37.00	33.00
76.13	122.46	37.00	33.00
76.13	122.46	37.00	33.00
76.13	122.46	37.00	33.00
74.29	120.62	37.00	33.00
74.29	120.62	37.00	33.00
74.29	120.62	37.00	33.00
74.29	120.62	37.00	33.00
74.29	120.62	37.00	33.00
72.45	118.78	37.00	33.00
72.45	118.78	37.00	33.00
72.45	118.78	37.00	33.00
72.45	118.78	37.00	33.00
72.45	118.78	37.00	33.00
70.61	118.78	37.00	33.00
70.61	118.78	37.00	33.00
70.61	118.78	37.00	33.00
70.61	118.78	37.00	33.00
70.61	118.78	37.00	33.00
70.61	118.78	37.00	33.00
70.61	118.78	37.00	33.00
68.77	116.94	36.00	32.00
68.77	116.94	36.00	32.00
68.77	116.94	36.00	32.00
68.77	116.94	36.00	32.00
68.77	116.94	36.00	32.00
68.77	116.94	36.00	32.00
66.96	118.76	36.00	32.00
66.96	118.76	36.00	32.00
66.96	116.94	36.00	32.00
66.96	116.94	36.00	32.00
66.96	116.94	36.00	32.00
66.96	116.94	36.00	32.00
66.96	116.94	36.00	32.00
66.96	116.94	36.00	32.00
66.96	116.94	36.00	32.00
66.96	116.94	36.00	32.00
66.96	116.94	36.00	32.00
65.15	116.94	36.00	32.00
65.15	115.13	36.00	32.00
65.15	116.94	36.00	32.00
65.15	116.94	36.00	32.00
65.15	116.94	36.00	32.00
65.15	116.94	36.00	32.00
65.15	116.94	36.00	32.00
65.15	116.94	36.00	32.00
65.15	115.13	36.00	32.00
65.15	115.13	36.00	32.00
65.15	116.94	36.00	32.00
63.33	116.94	36.00	32.00
65.15	115.13	36.00	32.00
63.33	115.13	36.00	32.00
63.33	115.13	36.00	32.00
63.33	116.94	36.00	32.00
63.33	116.94	36.00	32.00
63.33	116.94	36.00	32.00
63.33	116.94	36.00	32.00
63.33	116.94	36.00	32.00
63.33	116.94	36.00	32.00
63.33	116.94	36.00	32.00
63.33	116.94	36.00	32.00
63.33	116.94	36.00	32.00
63.33	116.94	36.00	32.00
63.33	116.94	36.00	32.00
61.52	116.94	36.00	32.00
61.52	116.94	36.00	32.00
61.52	116.94	36.00	32.00
61.52	116.94	36.00	32.00
59.71	115.13	36.00	32.00
59.71	115.13	36.00	32.00
59.71	116.94	36.00	32.00
59.71	116.94	36.00	32.00
59.71	116.94	36.00	32.00
59.71	116.94	36.00	32.00
59.71	116.94	36.00	32.00
59.71	116.94	36.00	32.00
59.71	116.94	36.00	32.00
57.90	116.94	36.00	32.00
57.90	116.94	36.00	32.00
57.90	116.94	36.00	32.00
57.90	116.94	36.00	32.00
57.90	116.94	36.00	32.00
57.90	116.94	36.00	32.00
57.90	116.94	36.00	32.00
57.90	116.94	36.00	32.00
57.90	116.94	36.00	32.00
57.90	116.94	36.00	32.00
58.90	117.94	35.00	31.00
57.90	118.68	36.00	32.00
57.90	118.68	36.00	32.00
57.08	117.86	35.00	31.00
57.08	119.60	35.00	31.00
57.08	119.60	35.00	31.00
57.08	119.60	35.00	31.00
57.08	119.60	35.00	31.00
57.08	119.60	35.00	31.00
57.08	119.60	35.00	31.00
56.08	118.60	36.00	32.00
57.08	117.78	35.00	31.00
57.08	119.52	35.00	31.00
57.08	119.52	35.00	31.00
57.08	119.52	35.00	31.00
57.08	119.52	35.00	31.00
57.08	117.78	35.00	31.00
57.08	117.78	35.00	31.00
57.08	119.52	35.00	31.00
57.08	117.78	35.00	31.00
55.35	119.52	35.00	31.00
55.35	117.78	35.00	31.00
55.35	117.78	35.00	31.00
57.08	117.78	35.00	31.00
55.35	117.78	35.00	31.00
57.08	117.78	35.00	31.00
57.08	116.05	35.00	31.00
57.08	116.05	35.00	31.00
57.08	116.05	35.00	31.00
57.08	116.05	35.00	31.00
57.08	116.05	35.00	31.00
57.08	116.05	35.00	31.00
57.08	116.05	35.00	31.00
57.08	116.05	35.00	31.00
57.08	116.05	35.00	31.00
57.08	116.05	35.00	31.00
57.08	117.78	35.00	31.00
57.08	117.78	35.00	31.00
57.08	116.05	35.00	31.00
57.08	116.05	35.00	31.00
57.08	116.05	35.00	31.00
58.82	116.05	35.00	31.00
58.82	116.05	35.00	31.00
58.82	116.05	35.00	31.00
58.82	117.78	35.00	31.00
58.82	117.78	35.00	31.00
58.82	117.78	35.00	31.00
58.82	117.78	35.00	31.00
58.82	117.78	35.00	31.00
58.82	117.78	35.00	31.00
58.82	117.78	35.00	31.00
58.82	119.52	35.00	31.00
58.82	117.78	35.00	31.00
58.82	119.52	35.00	31.00
58.82	119.52	35.00	31.00
58.82	119.52	35.00	31.00
58.82	117.78	35.00	31.00
58.82	119.52	35.00	31.00
58.82	119.52	35.00	31.00
58.82	119.52	35.00	31.00
58.82	119.52	35.00	31.00
58.82	119.52	35.00	31.00
58.82	117.78	35.00	31.00
58.82	119.52	35.00	31.00
58.82	117.78	35.00	31.00
58.82	119.52	35.00	31.00
58.82	117.78	35.00	31.00
58.82	119.52	35.00	31.00
58.82	117.35	35.00	31.00
58.82	117.35	35.00	31.00
58.82	117.35	35.00	31.00
58.82	117.35	35.00	31.00
58.82	117.35	35.00	31.00
58.82	117.35	35.00	31.00
58.82	117.35	35.00	31.00
60.55	117.35	35.00	31.00
59.68	119.08	35.00	31.00
59.68	117.35	35.00	31.00
59.68	117.35	35.00	31.00
59.68	117.35	35.00	31.00
59.68	117.35	35.00	31.00
59.68	117.35	34.00	30.00
59.68	119.06	34.00	30.00
59.68	117.35	34.00	30.00
59.68	119.06	34.00	30.00
59.68	117.35	34.00	30.00
59.68	119.06	34.00	30.00
59.68	119.06	34.00	30.00
61.39	119.06	34.00	30.00
61.39	117.35	34.00	30.00
61.39	119.48	34.00	30.00
61.39	119.48	34.00	30.00
61.39	117.78	34.00	30.00
61.39	116.07	34.00	30.00
61.39	116.07	34.00	30.00
61.39	116.07	34.00	30.00
61.39	117.78	34.00	30.00
61.39	117.78	34.00	30.00
61.39	116.07	34.00	30.00
61.39	117.78	34.00	30.00
63.09	116.07	34.00	30.00
63.09	117.78	34.00	30.00
63.09	117.78	34.00	30.00
63.09	117.78	34.00	30.00
63.09	117.35	34.00	30.00
63.09	115.64	34.00	30.00
63.09	115.64	34.00	30.00
63.09	115.64	34.00	30.00
63.09	117.35	34.00	30.00
63.09	117.35	34.00	30.00
63.09	117.35	34.00	30.00
63.09	117.35	34.00	30.00
64.80	117.35	34.00	30.00
64.80	117.35	34.00	30.00
64.80	117.35	34.00	30.00
64.80	117.35	34.00	30.00
64.80	117.35	34.00	30.00
64.80	117.35	34.00	30.00
64.80	119.06	34.00	30.00
64.80	118.20	34.00	30.00
64.80	118.20	34.00	30.00
64.80	118.20	34.00	30.00
64.80	118.20	34.00	30.00
64.80	118.20	34.00	30.00
64.80	118.20	34.00	30.00
64.80	118.20	34.00	30.00
64.80	118.20	34.00	30.00
64.80	118.20	34.00	30.00
64.80	116.50	34.00	30.00
64.80	116.50	34.00	30.00
64.80	116.50	34.00	30.00
64.80	117.78	34.00	30.00
64.80	115.64	34.00	30.00
64.80	115.64	34.00	30.00
64.80	115.64	34.00	30.00
63.09	115.64	34.00	30.00
64.80	115.64	34.00	30.00
63.09	115.64	34.00	30.00
64.37	115.64	34.00	30.00
64.37	115.64	34.00	30.00
64.37	115.64	34.00	30.00
64.37	115.64	34.00	30.00
64.37	117.35	34.00	30.00
64.37	117.35	34.00	30.00
64.37	119.06	34.00	30.00
64.37	119.06	34.00	30.00
64.37	117.35	34.00	30.00
64.37	119.06	34.00	30.00
64.37	117.35	34.00	30.00
64.37	117.35	34.00	30.00
64.37	117.35	34.00	30.00
64.37	117.35	34.00	30.00
64.37	117.35	34.00	30.00
64.37	117.35	34.00	30.00
64.37	115.64	34.00	30.00
64.37	115.64	34.00	30.00
64.37	113.94	34.00	30.00
64.37	113.94	34.00	30.00
64.37	113.94	34.00	30.00
64.37	115.64	34.00	30.00
64.37	115.64	34.00	30.00
64.37	115.64	34.00	30.00
64.37	115.64	34.00	30.00
64.37	115.64	34.00	30.00
64.37	117.35	34.00	30.00
64.37	117.35	34.00	30.00
64.37	119.06	34.00	30.00
64.37	117.35	34.00	30.00
64.37	119.06	34.00	30.00
64.37	119.06	34.00	30.00
64.37	119.06	34.00	30.00
64.37	119.06	34.00	30.00
64.37	119.06	34.00	30.00
64.37	119.06	34.00	30.00
64.37	119.06	34.00	30.00
64.37	117.35	34.00	30.00
64.37	119.06	34.00	30.00
64.37	119.06	34.00	30.00
64.37	117.35	34.00	30.00
64.37	119.06	34.00	30.00
65.37	118.35	33.00	29.00
65.37	118.35	33.00	29.00
65.37	118.35	33.00	29.00
65.37	119.98	33.00	29.00
65.37	118.35	32.00	29.00
65.37	119.96	32.00	29.00
65.37	119.96	32.00	29.00
65.37	119.96	32.00	29.00
65.37	119.96	32.00	29.00
65.37	119.96	32.00	29.00
65.37	119.96	32.00	29.00
65.37	119.96	32.00	29.00
65.37	119.96	32.00	29.00
66.99	119.96	32.00	29.00
65.37	121.58	33.00	29.00
67.00	119.95	33.00	29.00
67.00	119.95	33.00	29.00
67.00	119.95	33.00	29.00
67.00	119.95	33.00	29.00
66.00	118.95	34.00	30.00
66.00	118.95	34.00	30.00
66.00	117.24	34.00	30.00
66.00	118.95	34.00	30.00
66.00	117.24	34.00	30.00
66.00	117.24	34.00	30.00
66.00	118.95	34.00	30.00
66.00	118.95	34.00	30.00
66.00	118.95	34.00	30.00
66.00	118.95	34.00	30.00
66.00	118.95	34.00	30.00
66.00	118.95	34.00	30.00
66.00	118.95	34.00	30.00
66.00	117.24	34.00	30.00
66.00	118.95	34.00	30.00
66.00	117.24	34.00	30.00
66.00	118.95	34.00	30.00
66.00	117.24	34.00	30.00
66.00	118.95	34.00	30.00
66.00	117.24	34.00	30.00
66.00	117.24	34.00	30.00
66.00	117.24	34.00	30.00
66.00	117.24	34.00	30.00
66.00	117.24	34.00	30.00
66.00	117.24	34.00	30.00
66.00	117.24	34.00	30.00
66.00	118.95	34.00	30.00
66.00	118.95	34.00	30.00
66.00	118.95	34.00	30.00
66.00	118.95	34.00	30.00
66.00	118.95	34.00	30.00
66.00	118.95	34.00	30.00
66.00	117.24	34.00	30.00
66.00	117.24	34.00	30.00
66.00	118.95	34.00	30.00
66.00	118.95	34.00	30.00
66.00	118.95	34.00	30.00
66.00	118.95	34.00	30.00
66.00	118.95	34.00	30.00
66.00	118.95	34.00	30.00
66.00	118.95	34.00	30.00
66.00	118.95	34.00	30.00
66.00	118.95	34.00	30.00
66.00	118.95	34.00	30.00
66.00	118.95	34.00	30.00
64.29	118.95	34.00	30.00
66.00	120.66	34.00	30.00
64.29	118.95	34.00	30.00
66.00	118.95	34.00	30.00
64.29	117.24	34.00	30.00
66.00	117.24	34.00	30.00
64.29	117.24	34.00	30.00
65.15	117.24	34.00	30.00
65.15	117.24	34.00	30.00
65.15	115.54	34.00	30.00
65.15	115.54	35.00	31.00
63.41	115.54	35.00	31.00
63.41	115.54	35.00	31.00
63.41	115.54	35.00	31.00
63.41	117.27	35.00	31.00
63.41	117.27	35.00	31.00
63.41	117.27	35.00	31.00
63.41	117.27	35.00	31.00
63.41	117.27	35.00	31.00
63.41	117.27	35.00	31.00
63.41	117.27	35.00	31.00
63.41	117.27	35.00	31.00
63.41	117.27	35.00	31.00
63.41	117.27	35.00	31.00
63.41	117.27	35.00	31.00
63.41	115.54	35.00	31.00
63.41	117.27	35.00	31.00
63.41	115.54	35.00	31.00
63.41	115.54	35.00	31.00
63.41	115.54	35.00	31.00
63.41	115.54	35.00	31.00
63.41	115.54	35.00	31.00
63.41	115.54	35.00	31.00
63.41	117.27	35.00	31.00
63.41	115.54	35.00	31.00
63.41	117.70	35.00	31.00
63.41	117.70	35.00	31.00
63.41	117.70	35.00	31.00
63.41	117.70	35.00	31.00
63.41	117.70	35.00	31.00
63.41	117.70	35.00	31.00
63.41	119.44	35.00	31.00
63.41	117.70	35.00	31.00
63.41	119.44	35.00	31.00
63.41	119.44	35.00	31.00
63.41	117.70	35.00	31.00
63.41	117.70	35.00	31.00
63.41	115.97	35.00	31.00
63.41	115.97	35.00	31.00
63.41	117.70	35.00	31.00
63.41	117.70	35.00	31.00
63.41	117.70	35.00	31.00
63.41	119.44	35.00	31.00
64.71	119.44	35.00	31.00
64.71	119.44	35.00	31.00
64.71	119.87	35.00	31.00
64.71	119.87	35.00	31.00
64.71	119.87	35.00	31.00
66.45	118.14	35.00	31.00
66.45	115.97	35.00	31.00
66.45	115.97	35.00	31.00
66.45	115.97	35.00	31.00
66.45	114.24	35.00	31.00
66.45	114.24	35.00	31.00
66.45	114.24	35.00	31.00
68.18	115.97	35.00	31.00
68.18	115.97	35.00	31.00
68.18	115.97	35.00	31.00
68.18	115.97	35.00	31.00
68.18	115.97	35.00	31.00
68.18	115.97	35.00	31.00
69.91	115.97	35.00	31.00
69.91	115.97	35.00	31.00
69.91	115.97	35.00	31.00
69.91	115.97	35.00	31.00
69.91	115.97	35.00	31.00
69.91	115.97	35.00	31.00
69.91	115.97	35.00	31.00
69.91	115.97	35.00	31.00
69.91	115.97	35.00	31.00
69.91	115.97	35.00	31.00
69.91	115.97	35.00	31.00
69.91	115.97	35.00	31.00
69.91	115.97	35.00	31.00
69.91	115.97	35.00	31.00
69.91	115.97	35.00	31.00
69.91	115.97	35.00	31.00
69.91	115.97	35.00	31.00
69.91	115.97	35.00	31.00
69.91	115.97	35.00	31.00
69.91	115.97	35.00	31.00
69.91	115.97	35.00	31.00
71.64	115.97	35.00	31.00
71.64	117.70	35.00	31.00
71.64	117.70	35.00	31.00
71.64	117.70	35.00	31.00
71.64	117.70	35.00	31.00
71.64	115.97	35.00	31.00
71.64	115.97	35.00	31.00
71.64	117.70	35.00	31.00
71.64	117.70	35.00	31.00
73.38	117.70	35.00	31.00
73.38	117.70	35.00	31.00
73.38	117.70	35.00	31.00
73.38	117.70	35.00	31.00
73.38	119.44	35.00	31.00
73.38	117.70	35.00	31.00
73.38	119.44	35.00	31.00
73.38	117.70	35.00	31.00
73.38	117.70	35.00	31.00
73.38	117.70	35.00	31.00
73.38	117.70	35.00	31.00
73.38	117.70	35.00	31.00
73.38	117.70	35.00	31.00
73.38	119.44	35.00	31.00
71.64	117.70	35.00	31.00
73.38	117.70	35.00	31.00
71.64	119.44	35.00	31.00
73.38	119.44	35.00	31.00
71.64	119.44	35.00	31.00
73.38	117.70	35.00	31.00
71.64	119.44	35.00	31.00
71.64	119.44	35.00	31.00
71.64	119.44	35.00	31.00
71.64	119.44	35.00	31.00
71.64	119.44	35.00	31.00
71.64	119.44	35.00	31.00
71.64	119.44	35.00	31.00
71.64	119.44	35.00	31.00
71.64	119.44	35.00	31.00
71.64	119.44	35.00	31.00
71.64	119.44	35.00	31.00
71.64	119.44	35.00	31.00
71.64	117.70	35.00	31.00
71.64	117.70	35.00	31.00
71.64	119.44	35.00	31.00
73.38	119.44	35.00	31.00
71.64	119.44	35.00	31.00
73.38	119.44	35.00	31.00
73.38	119.44	35.00	31.00
73.38	119.44	35.00	31.00
73.38	119.44	35.00	31.00
73.38	119.44	35.00	31.00
73.38	119.44	35.00	31.00
73.38	119.44	35.00	31.00
73.38	117.70	35.00	31.00
73.38	117.70	35.00	31.00
73.38	117.70	35.00	31.00
73.38	117.70	35.00	31.00
73.38	119.44	35.00	31.00
73.38	117.70	35.00	31.00
73.38	117.70	35.00	31.00
73.38	117.70	35.00	31.00
73.38	119.44	35.00	31.00
73.38	119.44	35.00	31.00
73.38	119.44	35.00	31.00
73.38	117.70	35.00	31.00
73.38	117.70	35.00	31.00
73.38	117.70	35.00	31.00
73.38	117.70	35.00	31.00
73.38	117.70	35.00	31.00
73.38	117.70	35.00	31.00
73.38	117.70	35.00	31.00
73.38	117.70	35.00	31.00
73.38	117.70	35.00	31.00
73.38	119.44	35.00	31.00
73.38	119.44	35.00	31.00
73.38	119.44	35.00	31.00
71.64	117.70	35.00	31.00
71.64	117.70	35.00	31.00
71.64	117.70	35.00	31.00
71.64	117.70	35.00	31.00
71.64	117.70	35.00	31.00
71.64	117.70	35.00	31.00
71.64	119.44	35.00	31.00
71.64	117.70	35.00	31.00
69.91	117.70	35.00	31.00
71.64	117.70	35.00	31.00
69.91	117.70	35.00	31.00
69.91	117.70	35.00	31.00
69.91	117.70	35.00	31.00
69.91	117.70	35.00	31.00
69.91	117.70	35.00	31.00
69.91	117.70	35.00	31.00
69.91	119.44	35.00	31.00
71.64	117.70	35.00	31.00
69.91	119.44	35.00	31.00
71.64	119.44	35.00	31.00
71.64	119.44	35.00	31.00
71.64	119.44	35.00	31.00
71.64	119.44	35.00	31.00
73.38	117.70	35.00	31.00
73.38	117.70	35.00	31.00
73.38	117.70	35.00	31.00
73.38	117.70	35.00	31.00
73.38	117.70	35.00	31.00
75.11	117.70	35.00	31.00
75.11	117.70	35.00	31.00
75.11	117.70	35.00	31.00
75.11	117.70	35.00	31.00
75.11	119.44	35.00	31.00
75.11	119.44	35.00	31.00
75.11	119.44	35.00	31.00
75.11	117.70	35.00	31.00
76.84	117.70	35.00	31.00
76.84	119.44	35.00	31.00
76.84	119.44	35.00	31.00
76.84	119.44	35.00	31.00
78.57	117.70	35.00	31.00
76.84	117.70	35.00	31.00
78.57	117.70	35.00	31.00
78.57	119.44	35.00	31.00
78.57	119.44	35.00	31.00
78.57	119.44	35.00	31.00
78.57	119.44	35.00	31.00
78.57	117.70	35.00	31.00
78.57	117.70	35.00	31.00
78.57	119.44	35.00	31.00
78.57	121.17	35.00	31.00
78.57	121.17	35.00	31.00
78.57	121.17	35.00	31.00
78.57	121.17	35.00	31.00
78.57	121.17	35.00	31.00
78.57	119.44	35.00	31.00
78.57	119.44	35.00	31.00
78.57	117.27	35.00	31.00
78.57	115.54	35.00	31.00
78.57	115.54	35.00	31.00
76.84	115.54	35.00	31.00
76.84	113.81	35.00	31.00
76.84	115.54	35.00	31.00
76.84	113.81	35.00	31.00
76.84	113.81	35.00	31.00
76.84	113.81	35.00	31.00
76.84	113.81	35.00	31.00
76.84	115.54	35.00	31.00
76.84	113.81	35.00	31.00
76.84	115.54	35.00	31.00
76.84	113.81	35.00	31.00
75.11	115.54	35.00	31.00
75.11	115.54	35.00	31.00
75.11	115.54	35.00	31.00
75.11	115.54	35.00	31.00
75.11	113.81	35.00	31.00
75.11	115.54	35.00	31.00
75.11	113.81	35.00	31.00
75.11	113.81	35.00	31.00
75.11	115.54	35.00	31.00
75.11	113.37	35.00	31.00
75.11	113.37	35.00	31.00
75.11	113.37	35.00	31.00
75.11	113.37	35.00	31.00
75.11	115.10	35.00	31.00
75.11	115.10	35.00	31.00
75.11	115.10	35.00	31.00
75.11	113.37	35.00	31.00
75.11	113.37	35.00	31.00
75.11	115.10	35.00	31.00
73.38	113.37	35.00	31.00
75.11	115.10	35.00	31.00
73.38	115.10	35.00	31.00
73.38	113.37	35.00	31.00
73.38	113.37	35.00	31.00
73.38	115.10	35.00	31.00
73.38	113.37	35.00	31.00
73.38	113.37	35.00	31.00
73.38	113.37	35.00	31.00
73.38	115.10	35.00	31.00
73.38	113.37	35.00	31.00
71.64	113.37	35.00	31.00
71.64	113.37	35.00	31.00
71.64	113.37	35.00	31.00
71.64	113.37	35.00	31.00
71.64	113.37	35.00	31.00
71.64	113.37	35.00	31.00
71.64	113.37	35.00	31.00
71.64	113.37	35.00	31.00
71.64	113.37	35.00	31.00
71.64	113.37	35.00	31.00
69.91	113.37	35.00	31.00
69.91	113.37	35.00	31.00
69.91	113.37	35.00	31.00
69.91	113.37	35.00	31.00
69.91	115.10	35.00	31.00
69.91	115.10	35.00	31.00
69.91	115.10	35.00	31.00
69.91	113.37	35.00	31.00
68.18	115.10	35.00	31.00
68.18	115.10	35.00	31.00
68.18	115.10	35.00	31.00
68.18	115.10	35.00	31.00
66.45	115.10	35.00	31.00
66.45	115.10	35.00	31.00
66.45	115.10	35.00	31.00
66.45	115.10	35.00	31.00
66.45	115.10	35.00	31.00
66.45	116.84	35.00	31.00
66.45	116.84	35.00	31.00
66.45	116.84	35.00	31.00
66.45	116.84	35.00	31.00
66.45	116.84	35.00	31.00
66.45	116.84	35.00	31.00
66.45	116.84	35.00	31.00
64.71	116.84	35.00	31.00
64.71	116.84	35.00	31.00
64.71	116.84	35.00	31.00
64.71	116.84	35.00	31.00
64.71	116.84	35.00	31.00
64.71	116.84	34.00	30.00
64.71	115.13	34.00	30.00
63.01	116.84	34.00	30.00
63.01	116.84	34.00	30.00
63.01	116.84	34.00	30.00
63.01	116.84	34.00	30.00
63.01	116.84	34.00	30.00
63.01	116.84	34.00	30.00
63.01	115.13	34.00	30.00
63.01	115.13	34.00	30.00
63.01	116.84	34.00	30.00
63.01	116.84	34.00	30.00
63.01	116.84	34.00	30.00
63.01	116.84	34.00	30.00
63.01	116.84	34.00	30.00
63.01	116.84	34.00	30.00
63.01	115.13	34.00	30.00
63.01	117.26	34.00	30.00
63.01	117.26	34.00	30.00
63.01	117.26	34.00	30.00
63.01	115.56	34.00	30.00
63.01	115.56	34.00	30.00
63.01	115.56	34.00	30.00
63.01	117.26	34.00	30.00
63.01	118.97	34.00	30.00
63.01	117.26	34.00	30.00
63.01	118.97	34.00	30.00
63.01	117.26	34.00	30.00
63.01	118.97	34.00	30.00
63.01	117.26	34.00	30.00
63.01	118.97	34.00	30.00
63.01	118.97	34.00	30.00
64.71	117.26	34.00	30.00
63.01	117.26	34.00	30.00
64.01	118.69	33.00	29.00
64.01	120.32	33.00	29.00
64.01	120.32	33.00	29.00
64.01	120.32	33.00	29.00
64.01	120.32	33.00	29.00
64.01	118.69	33.00	29.00
64.01	120.32	33.00	29.00
64.01	120.32	33.00	29.00
64.01	120.32	33.00	29.00
64.01	120.32	33.00	29.00
64.01	118.69	33.00	29.00
64.01	120.32	33.00	29.00
64.01	120.32	33.00	29.00
64.01	120.32	33.00	29.00
64.01	120.32	33.00	29.00
64.01	120.32	33.00	29.00
64.01	120.32	33.00	29.00
64.01	120.32	33.00	29.00
64.01	120.32	33.00	29.00
64.01	120.32	33.00	29.00
64.01	120.32	33.00	29.00
64.01	120.32	33.00	29.00
64.01	120.32	33.00	29.00
64.01	118.69	33.00	29.00
64.01	118.69	33.00	29.00
64.01	120.72	33.00	29.00
64.01	120.72	33.00	29.00
64.01	120.72	33.00	29.00
64.01	119.10	33.00	29.00
64.01	119.10	33.00	29.00
64.01	119.10	33.00	29.00
64.01	120.72	33.00	29.00
64.01	120.72	33.00	29.00
64.01	120.72	33.00	29.00
64.01	120.72	32.00	29.00
65.62	120.72	32.00	29.00
65.62	119.11	32.00	29.00
65.62	120.72	32.00	28.00
65.62	120.72	32.00	28.00
65.62	120.72	32.00	28.00
65.62	120.72	32.00	28.00
67.22	120.72	32.00	29.00
67.22	120.72	32.00	29.00
67.22	120.72	32.00	29.00
67.22	120.72	32.00	29.00
68.83	122.33	32.00	29.00
68.83	120.72	32.00	29.00
68.83	122.33	32.00	29.00
68.83	120.72	32.00	28.00
70.43	122.32	32.00	29.00
70.43	122.32	32.00	29.00
72.04	120.71	32.00	28.00
72.04	120.31	32.00	28.00
72.04	120.31	32.00	28.00
72.04	118.71	32.00	28.00
73.64	120.31	32.00	28.00
73.64	121.91	32.00	28.00
73.64	120.31	32.00	28.00
73.64	120.31	32.00	28.00
75.24	120.31	32.00	28.00
75.24	120.31	32.00	28.00
76.84	121.91	32.00	28.00
76.84	121.91	32.00	28.00
77.84	121.91	31.00	28.00
79.43	121.91	31.00	28.00
79.43	121.91	31.00	28.00
79.43	122.70	31.00	28.00
79.82	122.70	31.00	28.00
81.41	121.11	31.00	28.00
81.41	121.11	31.00	28.00
81.41	121.11	31.00	28.00
81.41	119.53	31.00	28.00
83.00	119.53	31.00	28.00
83.00	119.53	31.00	28.00
84.58	119.53	31.00	28.00
84.58	119.53	31.00	28.00
84.58	121.11	31.00	28.00
84.58	121.11	31.00	28.00
86.17	122.70	31.00	28.00
86.17	122.70	31.00	28.00
86.17	122.70	31.00	28.00
87.75	121.11	31.00	28.00
89.34	121.11	31.00	28.00
89.34	121.11	31.00	28.00
89.34	120.32	31.00	28.00
90.93	120.32	31.00	28.00
90.93	120.32	31.00	28.00
92.51	121.91	31.00	28.00
92.51	121.91	31.00	28.00
92.51	121.91	31.00	28.00
94.10	120.32	31.00	28.00
94.10	121.91	31.00	28.00
95.69	121.91	31.00	28.00
95.69	120.32	31.00	28.00
97.27	119.53	31.00	28.00
97.27	117.55	31.00	28.00
97.27	117.55	31.00	28.00
98.86	117.55	31.00	28.00
98.86	119.13	31.00	28.00
100.44	119.13	31.00	28.00
100.44	120.72	31.00	28.00
100.44	121.72	30.00	27.00
102.33	121.72	30.00	27.00
102.33	122.22	31.00	28.00
102.33	122.22	31.00	28.00
102.33	122.43	30.00	27.00
103.83	122.43	30.00	27.00
103.83	122.43	30.00	27.00
103.83	120.93	30.00	26.00
105.33	122.79	30.00	26.00
105.33	124.28	30.00	27.00
105.33	124.28	30.00	27.00
105.33	122.78	30.00	26.00
105.33	122.78	30.00	27.00
105.33	124.28	30.00	27.00
105.33	124.28	30.00	27.00
105.33	124.28	30.00	27.00
105.33	122.40	30.00	27.00
106.08	120.89	30.00	27.00
106.08	120.89	30.00	26.00
106.08	120.89	30.00	26.00
106.08	120.89	30.00	26.00
106.08	119.40	30.00	26.00
106.08	119.40	30.00	27.00
106.08	120.91	30.00	27.00
106.08	120.91	30.00	26.00
104.59	120.91	30.00	26.00
104.59	122.40	30.00	27.00
104.59	122.40	30.00	27.00
104.59	122.40	30.00	27.00
104.59	123.91	30.00	26.00
104.59	129.13	30.00	27.00
103.08	126.12	30.00	26.00
104.57	127.61	30.00	27.00
103.07	125.73	30.00	27.00
103.07	120.83	30.00	27.00
103.07	119.33	30.00	27.00
103.07	120.83	30.00	26.00
101.57	120.83	30.00	26.00
101.57	120.83	30.00	27.00
101.57	120.83	30.00	27.00
101.57	120.83	30.00	27.00
101.57	119.33	30.00	27.00
101.57	119.33	30.00	27.00
101.57	119.33	30.00	27.00
101.57	119.33	30.00	27.00
101.20	119.33	30.00	27.00
101.20	119.33	30.00	27.00
101.20	118.33	31.00	28.00
101.20	118.33	31.00	28.00
99.61	118.33	31.00	28.00
101.20	118.33	31.00	28.00
99.61	118.33	31.00	28.00
101.20	119.91	31.00	28.00
99.61	119.91	31.00	28.00
99.61	119.91	31.00	28.00
99.61	118.33	31.00	28.00
99.61	118.33	31.00	28.00
99.61	118.33	31.00	28.00
99.61	119.91	31.00	28.00
99.61	119.91	31.00	28.00
99.61	119.91	31.00	28.00
99.61	119.91	31.00	28.00
99.61	120.91	30.00	27.00
98.11	122.42	30.00	27.00
99.61	120.91	30.00	26.00
98.12	120.91	30.00	27.00
99.62	120.91	30.00	27.00
99.62	120.91	30.00	27.00
98.12	121.42	31.00	28.00
98.12	121.42	31.00	28.00
98.12	121.42	31.00	28.00
98.12	121.42	31.00	28.00
99.70	121.42	31.00	28.00
99.70	121.42	31.00	28.00
99.70	121.42	31.00	28.00
99.70	121.42	31.00	28.00
99.70	121.42	31.00	28.00
99.70	119.83	31.00	28.00
99.70	119.83	31.00	28.00
99.70	119.83	31.00	28.00
99.70	119.83	31.00	28.00
99.70	119.83	31.00	28.00
99.70	119.83	31.00	28.00
99.70	119.83	31.00	28.00
101.29	119.83	31.00	28.00
99.70	119.83	31.00	28.00
101.29	119.83	31.00	28.00
101.29	119.83	31.00	28.00
101.29	119.83	31.00	28.00
101.29	119.83	31.00	28.00
101.29	119.83	31.00	28.00
101.29	118.25	31.00	28.00
101.29	118.25	31.00	28.00
101.29	118.25	31.00	28.00
102.88	118.25	31.00	28.00
102.88	119.83	31.00	28.00
102.88	119.83	31.00	28.00
102.88	119.83	31.00	28.00
104.46	119.83	31.00	28.00
104.46	119.83	31.00	28.00
104.46	118.25	31.00	28.00
103.46	120.23	32.00	28.00
103.46	120.23	32.00	28.00
103.46	120.23	32.00	28.00
103.46	118.63	32.00	28.00
103.46	118.63	32.00	28.00
105.06	118.63	32.00	28.00
105.06	118.63	32.00	28.00
105.06	118.63	32.00	28.00
105.06	118.63	32.00	28.00
105.06	118.63	32.00	28.00
105.06	118.63	32.00	28.00
105.06	118.63	32.00	28.00
105.06	120.23	32.00	28.00
105.06	120.23	32.00	28.00
105.06	121.03	32.00	29.00
105.06	119.42	32.00	29.00
105.06	119.42	32.00	29.00
105.06	119.42	32.00	29.00
105.06	119.42	32.00	29.00
105.06	121.03	32.00	29.00
105.06	119.42	32.00	29.00
105.06	121.03	32.00	29.00
105.06	119.42	32.00	29.00
105.06	119.42	32.00	29.00
106.68	119.42	32.00	29.00
105.06	119.42	32.00	29.00
106.68	119.42	32.00	29.00
106.68	119.42	32.00	29.00
106.68	119.42	32.00	29.00
106.68	119.42	32.00	29.00
106.68	121.03	32.00	29.00
106.68	121.03	32.00	29.00
106.68	119.42	32.00	29.00
106.68	121.03	32.00	29.00
106.68	121.03	32.00	29.00
106.68	121.03	32.00	29.00
106.68	121.03	32.00	29.00
106.68	121.03	32.00	29.00
108.29	121.03	33.00	29.00
108.29	121.03	33.00	29.00
108.29	121.03	33.00	29.00
108.29	121.03	33.00	29.00
108.29	121.03	33.00	29.00
108.29	121.03	33.00	29.00
108.29	121.03	33.00	29.00
108.29	119.40	33.00	29.00
108.29	121.03	33.00	29.00
108.29	121.03	33.00	29.00
108.29	121.03	33.00	29.00
107.29	120.03	34.00	30.00
107.29	120.03	34.00	30.00
107.29	120.03	34.00	30.00
107.29	120.03	34.00	30.00
107.29	120.03	34.00	30.00
107.29	120.03	34.00	30.00
107.29	120.03	34.00	30.00
107.29	120.03	34.00	30.00
107.29	120.03	34.00	30.00
107.29	120.03	34.00	30.00
107.29	120.03	34.00	30.00
105.58	120.03	34.00	30.00
105.58	120.03	34.00	30.00
105.58	118.32	34.00	30.00
105.58	120.03	34.00	30.00
105.58	120.03	34.00	30.00
105.58	120.03	34.00	30.00
105.58	118.32	34.00	30.00
105.58	120.03	34.00	30.00
105.58	120.03	34.00	30.00
105.58	120.03	34.00	30.00
105.58	120.03	34.00	30.00
103.88	118.32	34.00	30.00
105.58	118.32	34.00	30.00
105.58	120.03	34.00	30.00
103.88	118.32	34.00	30.00
103.88	118.32	34.00	30.00
103.88	120.45	34.00	30.00
103.88	120.45	34.00	30.00
103.88	120.45	34.00	30.00
103.88	118.75	34.00	30.00
103.88	118.75	34.00	30.00
103.88	118.75	34.00	30.00
103.88	118.75	34.00	30.00
103.88	118.75	34.00	30.00
103.88	118.75	34.00	30.00
103.88	118.75	34.00	30.00
103.88	118.75	34.00	30.00
103.88	118.75	34.00	30.00
103.88	118.75	34.00	30.00
103.88	118.75	34.00	30.00
103.88	118.75	34.00	30.00
103.88	118.75	34.00	30.00
103.88	118.75	34.00	30.00
103.88	120.45	34.00	30.00
103.88	122.16	34.00	30.00
103.88	122.16	34.00	30.00
103.88	122.16	34.00	30.00
103.88	122.16	34.00	30.00
103.88	122.16	34.00	30.00
103.88	122.16	34.00	30.00
103.88	120.45	34.00	30.00
103.88	122.16	34.00	30.00
103.88	122.16	35.00	31.00
102.88	121.16	36.00	32.00
102.88	121.16	36.00	32.00
102.88	121.16	36.00	32.00
102.88	122.97	36.00	32.00
102.88	121.16	36.00	32.00
102.88	121.16	36.00	32.00
102.88	121.16	36.00	32.00
102.88	121.16	36.00	32.00
102.88	121.16	36.00	32.00
102.88	121.16	36.00	32.00
101.06	121.16	36.00	32.00
101.06	121.16	36.00	32.00
101.06	121.16	36.00	32.00
101.06	121.16	36.00	32.00
101.06	121.16	36.00	32.00
101.06	121.16	36.00	32.00
101.06	121.16	36.00	32.00
101.06	121.16	36.00	32.00
101.06	122.97	36.00	32.00
101.06	121.16	36.00	32.00
101.06	121.16	36.00	32.00
101.06	121.16	36.00	32.00
101.06	121.16	36.00	32.00
101.06	121.16	36.00	32.00
101.06	121.16	36.00	32.00
101.06	121.16	36.00	32.00
101.06	121.16	37.00	33.00
99.22	121.16	37.00	33.00
99.22	121.16	37.00	33.00
99.22	121.16	37.00	33.00
99.22	121.16	37.00	33.00
99.22	121.16	37.00	33.00
99.22	121.16	37.00	33.00
99.22	121.16	37.00	33.00
99.22	121.16	37.00	33.00
99.22	121.16	37.00	33.00
99.22	121.16	37.00	33.00
99.22	119.32	37.00	33.00
99.22	121.16	37.00	33.00
99.22	119.32	37.00	33.00
99.22	119.32	37.00	33.00
99.22	121.16	37.00	33.00
99.22	119.32	37.00	33.00
97.39	121.16	37.00	33.00
97.39	119.32	37.00	33.00
97.39	119.32	37.00	33.00
97.39	121.16	37.00	33.00
96.39	120.16	38.00	34.00
96.39	120.16	38.00	34.00
96.39	120.16	38.00	34.00
96.39	120.16	39.00	34.00
96.39	120.16	39.00	34.00
96.39	120.16	39.00	34.00
96.39	120.16	39.00	34.00
96.39	120.16	39.00	34.00
96.39	120.16	39.00	34.00
96.39	120.16	39.00	34.00
96.39	120.16	39.00	34.00
96.39	122.09	39.00	34.00
96.39	122.09	39.00	34.00
96.39	122.09	39.00	34.00
96.39	120.16	39.00	34.00
96.39	122.09	39.00	34.00
96.39	122.09	39.00	34.00
96.39	122.09	39.00	34.00
96.39	120.16	39.00	34.00
96.39	120.16	39.00	34.00
98.32	120.16	39.00	34.00
98.32	120.16	39.00	34.00
98.32	122.09	39.00	34.00
98.32	122.09	39.00	34.00
98.32	122.09	39.00	34.00
100.25	122.09	39.00	34.00
100.25	122.09	39.00	34.00
100.25	122.09	39.00	34.00
100.25	122.09	39.00	35.00
100.25	120.15	39.00	35.00
102.20	120.15	39.00	35.00
102.20	120.15	39.00	35.00
102.20	120.15	39.00	35.00
102.20	120.15	39.00	35.00
102.20	120.15	39.00	35.00
104.14	120.15	39.00	35.00
104.14	120.15	39.00	35.00
104.14	120.15	39.00	35.00
104.14	120.15	39.00	35.00
106.09	120.15	39.00	35.00
106.09	120.15	39.00	35.00
106.09	120.15	39.00	35.00
106.09	120.15	39.00	35.00
106.09	120.15	39.00	35.00
106.09	120.15	39.00	35.00
107.03	121.09	40.00	36.00
107.03	121.09	40.00	36.00
107.03	121.09	40.00	36.00
107.03	119.07	40.00	36.00
109.06	119.07	40.00	36.00
109.06	119.07	40.00	36.00
109.06	119.07	40.00	36.00
109.06	119.07	40.00	36.00
109.06	119.07	40.00	36.00
109.06	121.09	40.00	36.00
109.06	121.09	40.00	36.00
111.09	121.09	40.00	36.00
111.09	119.07	40.00	36.00
111.09	121.09	41.00	36.00
111.09	119.05	41.00	36.00
111.09	119.05	41.00	36.00
111.09	119.05	41.00	36.00
111.09	119.05	41.00	36.00
113.12	121.09	41.00	36.00
113.12	121.09	41.00	36.00
113.12	121.09	41.00	36.00
113.12	121.09	41.00	36.00
113.12	123.13	41.00	36.00
113.12	123.13	41.00	36.00
113.12	123.13	41.00	36.00
113.12	123.13	41.00	36.00
114.16	123.13	42.00	37.00
114.16	123.13	42.00	37.00
114.16	121.01	42.00	37.00
114.16	121.01	42.00	37.00
114.16	121.01	42.00	37.00
114.16	121.01	42.00	37.00
114.16	121.01	42.00	37.00
116.28	118.89	42.00	37.00
116.28	118.89	42.00	37.00
116.28	118.89	42.00	37.00
116.28	118.89	42.00	37.00
116.28	118.89	42.00	37.00
116.28	118.89	42.00	37.00
114.16	118.89	42.00	37.00
114.16	118.89	42.00	37.00
114.16	118.89	42.00	37.00
114.16	118.89	42.00	37.00
114.16	121.01	42.00	37.00
114.16	121.01	42.00	37.00
112.04	121.01	42.00	37.00
112.04	121.01	42.00	37.00
112.04	121.01	42.00	37.00
112.04	121.01	42.00	37.00
112.04	121.01	42.00	37.00
112.04	121.01	42.00	37.00
109.93	118.89	42.00	37.00
109.93	121.01	42.00	37.00
109.93	118.89	42.00	37.00
109.93	121.54	42.00	37.00
109.93	121.54	42.00	37.00
109.93	121.54	42.00	37.00
109.93	121.54	42.00	37.00
109.93	121.54	42.00	37.00
109.93	119.42	42.00	37.00
109.93	119.42	42.00	37.00
109.93	119.42	42.00	37.00
109.93	119.42	42.00	37.00
109.93	119.42	42.00	37.00
109.93	119.42	42.00	37.00
109.93	119.42	42.00	37.00
109.93	119.42	42.00	37.00
112.04	119.42	42.00	37.00
112.04	119.42	42.00	37.00
112.04	119.42	42.00	37.00
112.04	119.42	42.00	37.00
112.04	119.42	42.00	37.00
112.04	119.42	42.00	37.00
114.16	119.42	42.00	37.00
114.16	119.42	42.00	37.00
114.16	119.42	42.00	37.00
114.16	121.54	42.00	37.00
114.16	123.66	42.00	37.00
114.16	123.66	42.00	37.00
116.28	121.54	42.00	37.00
116.28	121.54	42.00	37.00
116.28	119.42	42.00	37.00
116.28	118.42	43.00	38.00
116.28	116.28	43.00	38.00
116.28	116.28	43.00	39.00
116.28	116.28	43.00	39.00
116.28	116.28	43.00	38.00
116.28	116.28	43.00	38.00
116.28	116.28	43.00	38.00
116.28	116.28	43.00	38.00
116.28	116.28	43.00	38.00
116.28	116.28	43.00	38.00
116.28	118.42	43.00	38.00
116.28	118.42	43.00	38.00
116.28	118.42	43.00	38.00
116.28	118.42	43.00	38.00
116.28	118.42	43.00	38.00
116.28	120.57	43.00	38.00
116.28	118.42	43.00	38.00
116.28	118.42	43.00	38.00
116.28	118.42	43.00	38.00
116.28	118.42	43.00	38.00
116.28	118.42	43.00	38.00
116.28	118.42	43.00	38.00
116.28	116.28	43.00	39.00
116.28	116.28	43.00	39.00
116.28	116.28	43.00	39.00
116.28	116.28	43.00	39.00
114.12	116.28	43.00	39.00
114.12	116.28	43.00	39.00
114.12	116.28	43.00	39.00
114.12	116.28	43.00	39.00
111.96	116.28	43.00	38.00
114.11	116.28	43.00	38.00
111.96	118.42	43.00	38.00
111.96	118.42	43.00	38.00
111.96	120.57	43.00	38.00
111.96	120.57	43.00	38.00
111.96	118.42	43.00	38.00
111.96	118.42	43.00	38.00
109.82	118.42	43.00	38.00
109.82	120.57	43.00	38.00
109.82	118.42	43.00	38.00
109.82	118.42	43.00	38.00
109.82	118.42	43.00	38.00
109.82	118.42	43.00	38.00
109.82	118.42	43.00	38.00
109.82	118.42	43.00	38.00
109.82	118.42	43.00	38.00
109.82	120.57	43.00	38.00
109.82	120.57	43.00	38.00
109.82	120.57	43.00	38.00
109.82	120.57	43.00	38.00
107.67	120.57	43.00	38.00
107.67	120.57	43.00	38.00
107.67	120.57	43.00	38.00
107.67	120.57	43.00	38.00
107.67	117.89	43.00	38.00
107.67	117.89	43.00	38.00
107.67	120.03	43.00	38.00
107.67	120.03	43.00	38.00
107.67	121.03	42.00	37.00
107.67	123.15	42.00	37.00
107.67	123.15	42.00	37.00
107.67	123.15	42.00	37.00
107.67	123.15	42.00	37.00
107.67	121.03	42.00	37.00
108.67	121.03	41.00	36.00
108.67	123.07	41.00	36.00
108.67	123.07	41.00	36.00
108.67	123.07	41.00	36.00
108.67	121.03	41.00	36.00
108.67	123.07	41.00	36.00
108.67	123.07	41.00	36.00
108.67	123.07	41.00	36.00
108.67	121.03	41.00	36.00
108.67	121.03	41.00	36.00
108.67	123.07	41.00	36.00
108.67	123.07	41.00	36.00
108.67	123.07	41.00	36.00
108.67	123.07	41.00	36.00
108.67	123.07	41.00	36.00
108.67	123.07	41.00	36.00
108.67	123.07	41.00	36.00
108.67	123.07	41.00	36.00
108.67	123.07	41.00	36.00
108.67	123.07	41.00	36.00
108.67	123.07	41.00	36.00
108.67	121.03	41.00	36.00
108.67	121.03	41.00	36.00
108.67	121.03	41.00	36.00
108.67	123.07	41.00	36.00
108.67	123.07	41.00	36.00
108.67	123.07	41.00	36.00
108.67	121.03	41.00	36.00
108.67	123.07	41.00	36.00
108.67	123.07	41.00	36.00
108.67	123.07	41.00	36.00
108.67	123.07	41.00	36.00
106.63	123.07	41.00	36.00
106.63	123.07	41.00	36.00
106.63	123.07	41.00	36.00
106.63	123.07	41.00	36.00
106.63	123.07	41.00	36.00
106.63	123.07	41.00	36.00
106.63	121.03	41.00	36.00
106.63	123.07	41.00	36.00
106.63	123.07	41.00	36.00
106.63	123.07	41.00	36.00
104.59	123.07	41.00	36.00
104.59	123.07	41.00	36.00
104.59	121.03	41.00	36.00
104.59	121.03	41.00	36.00
104.59	121.03	41.00	36.00
104.59	121.03	41.00	36.00
104.59	121.03	41.00	36.00
104.59	121.03	41.00	36.00
104.59	121.03	41.00	36.00
104.59	121.03	41.00	36.00
104.59	121.03	41.00	36.00
104.59	121.03	41.00	36.00
104.59	121.03	41.00	36.00
104.59	121.03	41.00	36.00
104.59	121.03	41.00	36.00
104.59	121.03	41.00	36.00
104.59	123.07	41.00	36.00
104.59	123.07	41.00	36.00
104.59	121.03	41.00	36.00
106.63	121.03	40.00	36.00
104.61	121.03	40.00	36.00
106.63	121.03	40.00	36.00
106.63	121.03	40.00	36.00
106.63	121.03	40.00	36.00
106.63	121.03	40.00	36.00
106.63	123.06	40.00	36.00
106.63	121.03	40.00	36.00
106.63	121.03	40.00	36.00
106.63	121.03	40.00	36.00
106.63	121.03	40.00	36.00
108.66	121.03	40.00	36.00
108.66	121.03	40.00	36.00
109.66	120.01	39.00	35.00
109.66	121.95	39.00	35.00
109.66	121.95	39.00	35.00
110.61	120.95	40.00	36.00
111.61	119.42	39.00	35.00
111.61	119.42	39.00	35.00
111.61	121.37	39.00	35.00
111.61	121.37	39.00	35.00
111.61	121.37	39.00	35.00
113.55	121.37	39.00	35.00
113.55	121.37	39.00	35.00
113.55	121.37	39.00	35.00
113.55	121.37	39.00	35.00
113.55	121.37	39.00	35.00
115.50	121.37	39.00	35.00
115.50	121.37	39.00	35.00
115.50	121.37	39.00	35.00
115.50	119.42	39.00	35.00
115.50	121.37	39.00	35.00
115.50	121.37	39.00	35.00
115.50	121.37	39.00	35.00
115.50	121.37	39.00	35.00
115.50	121.37	39.00	35.00
117.44	123.31	39.00	35.00
117.44	123.31	39.00	35.00
117.44	123.31	39.00	35.00
117.44	123.31	39.00	35.00
117.44	123.31	39.00	35.00
117.44	123.31	39.00	35.00
117.44	123.31	39.00	35.00
117.44	123.31	39.00	35.00
117.44	123.31	39.00	35.00
117.44	123.31	39.00	35.00
117.44	123.31	39.00	35.00
117.44	123.31	39.00	35.00
117.44	123.31	39.00	35.00
117.44	123.31	39.00	35.00
117.44	123.31	39.00	35.00
117.44	123.31	39.00	35.00
117.44	123.31	39.00	35.00
117.44	123.31	39.00	35.00
117.44	121.37	39.00	35.00
117.44	123.31	39.00	35.00
117.44	123.31	39.00	35.00
117.44	123.31	39.00	35.00
115.50	123.31	39.00	35.00
115.50	123.31	39.00	35.00
115.50	121.37	39.00	35.00
115.50	121.37	39.00	35.00
115.50	123.31	39.00	35.00
115.50	123.31	39.00	35.00
115.50	123.31	39.00	35.00
115.50	123.31	39.00	35.00
115.50	123.31	39.00	35.00
115.50	123.31	39.00	35.00
115.50	121.37	39.00	35.00
115.50	121.37	39.00	35.00
115.50	121.37	39.00	35.00
115.50	121.37	39.00	35.00
113.55	121.37	39.00	35.00
113.55	121.37	39.00	35.00
113.55	121.37	39.00	35.00
113.55	121.37	39.00	35.00
113.55	119.42	39.00	35.00
113.55	119.42	39.00	35.00
113.55	119.42	39.00	35.00
113.55	119.42	39.00	35.00
113.55	119.42	39.00	35.00
113.55	119.42	39.00	35.00
113.55	119.42	39.00	35.00
113.55	119.42	39.00	35.00
112.09	119.42	39.00	35.00
112.09	119.42	39.00	35.00
112.09	119.42	39.00	35.00
112.09	119.42	39.00	35.00
112.09	119.42	39.00	35.00
112.09	117.47	39.00	35.00
112.09	117.47	39.00	35.00
112.09	117.47	39.00	35.00
112.09	117.47	39.00	35.00
110.15	117.47	39.00	35.00
110.15	117.47	39.00	35.00
110.15	117.47	39.00	35.00
110.15	117.47	39.00	35.00
110.15	117.47	39.00	35.00
110.15	117.47	39.00	35.00
110.15	117.47	39.00	35.00
110.15	119.42	39.00	35.00
110.15	117.47	39.00	35.00
110.15	117.47	39.00	35.00
110.15	117.47	39.00	35.00
110.15	117.47	39.00	35.00
110.15	117.47	39.00	35.00
110.15	115.53	39.00	35.00
110.15	115.53	39.00	35.00
110.15	115.53	39.00	35.00
109.15	114.53	40.00	36.00
109.15	112.50	40.00	36.00
109.15	112.50	40.00	36.00
109.15	114.53	40.00	36.00
109.15	114.53	40.00	36.00
107.12	112.50	40.00	36.00
107.12	114.53	40.00	36.00
107.12	114.53	40.00	36.00
107.12	114.53	40.00	36.00
107.12	112.50	40.00	36.00
107.12	114.53	40.00	36.00
105.09	114.53	40.00	36.00
105.09	114.53	40.00	36.00
105.09	116.55	40.00	36.00
105.09	116.55	40.00	36.00
105.09	116.55	40.00	36.00
105.09	116.55	40.00	36.00
103.07	118.58	40.00	36.00
103.07	118.58	40.00	36.00
103.07	120.61	40.00	36.00
103.07	120.61	40.00	36.00
103.07	120.61	40.00	36.00
101.04	120.61	40.00	36.00
101.04	120.61	40.00	36.00
101.04	120.61	40.00	36.00
101.04	120.61	40.00	36.00
101.04	120.61	40.00	36.00
99.02	120.61	40.00	36.00
99.02	120.61	40.00	36.00
99.02	120.61	40.00	36.00
99.02	120.61	40.00	36.00
99.02	120.61	40.00	36.00
96.99	120.61	40.00	36.00
96.99	120.61	40.00	36.00
96.99	120.61	40.00	36.00
96.99	120.61	40.00	36.00
96.99	120.61	40.00	36.00
96.99	120.61	40.00	36.00
94.96	118.58	40.00	36.00
94.96	118.58	40.00	36.00
94.96	116.55	40.00	36.00
94.96	116.55	40.00	36.00
94.96	116.55	40.00	36.00
94.96	116.55	40.00	36.00
94.96	116.55	40.00	36.00
94.96	116.55	40.00	36.00
94.96	116.55	40.00	36.00
93.94	115.53	39.00	35.00
93.91	116.47	40.00	36.00
93.91	116.47	40.00	36.00
93.91	116.47	40.00	36.00
93.91	116.47	40.00	36.00
91.89	116.47	40.00	36.00
91.89	116.47	40.00	36.00
91.89	116.47	40.00	36.00
91.89	116.47	40.00	36.00
91.89	116.47	40.00	36.00
91.89	116.47	40.00	36.00
91.89	116.47	40.00	36.00
91.89	116.47	40.00	36.00
91.89	116.47	40.00	36.00
91.89	116.47	40.00	36.00
89.86	118.50	40.00	36.00
89.86	115.97	40.00	36.00
89.86	115.97	40.00	36.00
89.86	115.97	40.00	36.00
89.86	113.94	40.00	36.00
89.86	113.94	40.00	36.00
89.86	113.94	40.00	36.00
89.86	113.94	40.00	36.00
89.86	113.94	40.00	36.00
89.86	113.94	40.00	36.00
89.86	113.94	40.00	36.00
87.83	113.94	40.00	36.00
87.83	115.97	40.00	36.00
87.83	115.97	40.00	36.00
87.83	115.97	40.00	36.00
87.83	115.97	40.00	36.00
87.83	115.97	40.00	36.00
87.83	115.97	40.00	36.00
87.83	115.97	40.00	36.00
87.83	115.97	40.00	36.00
87.83	115.97	40.00	36.00
87.83	115.97	40.00	36.00
87.83	115.97	40.00	36.00
87.83	115.97	40.00	36.00
87.83	115.97	40.00	36.00
87.83	117.99	40.00	36.00
87.83	117.99	40.00	36.00
87.83	117.99	40.00	36.00
89.86	117.99	40.00	36.00
89.86	120.02	40.00	36.00
89.86	120.02	40.00	36.00
89.86	120.02	40.00	36.00
89.86	117.99	40.00	36.00
89.86	117.99	40.00	36.00
89.86	117.99	40.00	36.00
89.86	120.02	40.00	36.00
89.86	120.02	40.00	36.00
89.86	120.02	40.00	36.00
89.86	120.02	40.00	36.00
89.86	120.02	40.00	36.00
89.86	120.02	40.00	36.00
89.86	120.02	40.00	36.00
89.86	120.02	40.00	36.00
89.86	120.02	40.00	36.00
89.86	120.02	40.00	36.00
89.86	120.02	40.00	36.00
87.83	120.02	40.00	36.00
87.83	120.02	40.00	36.00
87.83	120.02	40.00	36.00
87.83	120.02	40.00	36.00
87.83	120.02	40.00	36.00
87.83	120.02	40.00	36.00
87.83	120.02	40.00	36.00
87.83	120.02	40.00	36.00
87.83	120.02	40.00	36.00
87.83	120.02	40.00	36.00
87.83	120.02	40.00	36.00
87.83	120.02	40.00	36.00
87.83	120.02	40.00	36.00
87.83	120.02	40.00	36.00
87.83	120.02	40.00	36.00
87.83	120.02	40.00	36.00
87.83	117.99	40.00	36.00
87.83	117.99	40.00	36.00
87.83	120.02	40.00	36.00
87.83	120.02	40.00	36.00
87.83	117.99	40.00	36.00
87.83	120.02	40.00	36.00
87.83	120.02	40.00	36.00
87.83	120.02	40.00	36.00
87.83	120.02	40.00	36.00
87.83	120.02	40.00	36.00
87.83	117.99	40.00	36.00
87.83	117.99	40.00	36.00
87.83	117.99	40.00	36.00
87.83	117.99	40.00	36.00
87.83	117.99	40.00	36.00
87.83	117.99	40.00	36.00
87.83	117.99	40.00	36.00
87.83	117.99	40.00	36.00
87.83	117.99	40.00	36.00
87.83	117.99	40.00	36.00
87.83	117.99	40.00	36.00
87.83	115.97	40.00	36.00
87.83	115.97	40.00	36.00
87.83	115.97	40.00	36.00
87.83	115.97	40.00	36.00
87.83	117.99	40.00	36.00
87.83	117.99	40.00	36.00
87.83	117.99	40.00	36.00
87.83	117.99	40.00	36.00
87.83	117.99	40.00	36.00
87.83	117.99	40.00	36.00
87.83	117.99	40.00	36.00
87.83	117.99	40.00	36.00
87.83	117.99	40.00	36.00
87.83	115.97	40.00	36.00
87.83	115.97	40.00	36.00
87.83	115.97	40.00	36.00
87.83	115.97	40.00	36.00
87.83	115.97	40.00	36.00
87.83	115.97	40.00	36.00
87.83	115.97	40.00	36.00
87.83	115.97	40.00	36.00
85.81	115.97	40.00	36.00
85.81	115.97	40.00	36.00
85.81	115.97	40.00	36.00
85.81	115.97	40.00	36.00
85.81	115.97	40.00	36.00
85.81	115.97	40.00	36.00
85.81	115.97	40.00	36.00
83.78	115.97	40.00	36.00
83.78	115.97	40.00	36.00
83.78	115.97	40.00	36.00
83.78	115.97	40.00	36.00
83.78	115.97	40.00	36.00
81.76	115.97	40.00	36.00
81.76	115.97	40.00	36.00
81.76	115.97	40.00	36.00
81.76	115.97	40.00	36.00
81.76	115.97	40.00	36.00
81.76	117.99	40.00	36.00
79.73	117.99	40.00	36.00
79.73	115.97	40.00	36.00
79.73	115.97	40.00	36.00
79.73	117.99	40.00	36.00
79.73	117.99	40.00	36.00
79.73	117.99	40.00	36.00
77.70	115.97	40.00	36.00
77.70	115.97	40.00	36.00
77.70	115.97	40.00	36.00
77.70	115.97	40.00	36.00
77.70	115.97	40.00	36.00
77.70	115.97	40.00	36.00
75.68	115.97	40.00	36.00
75.68	115.97	40.00	36.00
75.68	115.97	41.00	36.00
75.68	115.97	41.00	36.00
75.68	115.97	41.00	36.00
73.64	115.97	41.00	36.00
73.64	115.97	41.00	36.00
73.64	115.97	41.00	36.00
71.60	118.01	41.00	36.00
70.60	118.01	42.00	37.00
69.48	115.89	41.00	36.00
69.48	117.93	41.00	36.00
69.48	117.93	41.00	36.00
68.48	117.93	42.00	37.00
68.48	117.93	42.00	37.00
66.36	117.93	42.00	37.00
66.36	117.93	42.00	37.00
66.36	120.05	42.00	37.00
64.24	117.93	42.00	37.00
64.24	117.93	42.00	37.00
64.24	119.05	43.00	38.00
62.10	119.05	43.00	38.00
62.10	116.90	43.00	38.00
59.95	116.90	43.00	38.00
59.95	116.90	43.00	38.00
59.95	116.90	43.00	38.00
57.81	116.90	43.00	38.00
57.81	116.90	43.00	38.00
55.66	116.90	43.00	38.00
55.66	116.90	43.00	38.00
53.51	116.90	43.00	38.00
53.51	116.90	43.00	38.00
51.37	116.90	43.00	38.00
51.37	116.90	43.00	38.00
49.22	116.90	43.00	38.00
49.22	116.90	43.00	38.00
47.08	116.90	43.00	38.00
47.08	116.90	43.00	38.00
44.93	116.90	43.00	38.00
44.93	116.90	43.00	38.00
42.79	116.90	43.00	38.00
42.79	116.90	43.00	38.00
40.64	116.90	43.00	38.00
40.64	116.90	43.00	38.00
38.50	116.90	43.00	38.00
36.35	116.90	43.00	38.00
36.35	116.90	43.00	38.00
34.20	116.90	43.00	38.00
34.20	116.90	43.00	38.00
32.06	116.90	43.00	38.00
29.91	116.90	43.00	38.00
29.91	116.90	43.00	38.00
27.77	114.75	43.00	38.00
27.77	116.90	43.00	38.00
25.62	116.90	43.00	38.00
25.62	116.90	43.00	38.00
23.48	116.90	43.00	38.00
21.33	116.90	43.00	38.00
21.33	116.90	43.00	38.00
19.18	116.90	43.00	38.00
19.18	116.90	43.00	38.00
