70.00	51.00	107.00	87.00
70.00	51.00	107.00	87.00
70.00	51.00	107.00	87.00
70.00	51.00	107.00	87.00
70.00	51.00	107.00	87.00
64.86	51.00	107.00	87.00
70.00	51.00	107.00	87.00
64.86	51.00	107.00	87.00
64.86	51.00	107.00	87.00
64.86	51.00	107.00	87.00
64.86	51.00	107.00	87.00
64.86	51.00	107.00	87.00
64.86	51.00	107.00	87.00
64.86	51.00	107.00	87.00
64.86	51.00	107.00	87.00
64.86	51.00	107.00	87.00
64.86	51.00	107.00	87.00
65.86	52.00	105.00	85.00
65.86	52.00	105.00	85.00
60.83	52.00	105.00	85.00
60.83	52.00	105.00	85.00
60.83	52.00	105.00	85.00
60.83	52.00	105.00	85.00
60.83	52.00	105.00	85.00
60.83	52.00	105.00	85.00
60.83	52.00	105.00	85.00
61.83	52.00	103.00	84.00
61.83	52.00	103.00	84.00
61.83	52.00	103.00	84.00
61.83	52.00	103.00	84.00
61.83	52.00	103.00	84.00
61.83	52.00	103.00	84.00
62.83	53.00	101.00	82.00
62.83	53.00	101.00	82.00
62.83	53.00	101.00	82.00
62.83	53.00	101.00	82.00
62.83	53.00	101.00	82.00
62.83	53.00	101.00	82.00
62.83	53.00	101.00	82.00
62.83	53.00	101.00	82.00
62.83	53.00	101.00	82.00
62.83	53.00	101.00	82.00
62.83	53.00	101.00	82.00
62.83	53.00	101.00	82.00
63.83	54.00	99.00	80.00
63.83	54.00	99.00	80.00
63.83	54.00	99.00	80.00
63.83	54.00	99.00	80.00
63.83	54.00	99.00	80.00
64.83	55.00	97.00	79.00
68.51	54.00	99.00	80.00
68.51	54.00	99.00	80.00
63.73	54.00	99.00	80.00
63.73	54.00	99.00	80.00
67.51	53.00	101.00	82.00
68.51	58.89	99.00	80.00
68.51	58.89	99.00	80.00
68.51	58.89	99.00	80.00
68.51	58.89	99.00	80.00
68.51	58.89	99.00	80.00
68.51	58.89	99.00	80.00
68.51	58.89	99.00	80.00
68.51	58.89	99.00	80.00
68.51	58.89	99.00	80.00
68.51	58.89	99.00	80.00
69.51	59.89	97.00	79.00
69.51	59.89	97.00	79.00
69.51	59.89	97.00	79.00
69.51	59.89	97.00	79.00
69.51	55.20	97.00	79.00
69.51	55.20	97.00	79.00
69.51	55.20	97.00	79.00
70.51	56.20	95.00	77.00
70.51	56.20	95.00	77.00
70.51	56.20	95.00	77.00
70.51	56.20	95.00	77.00
70.51	56.20	95.00	77.00
70.51	56.20	95.00	77.00
70.51	56.20	95.00	77.00
70.51	56.20	95.00	77.00
70.51	56.20	95.00	77.00
70.51	56.20	95.00	77.00
70.51	56.20	95.00	77.00
70.51	56.20	95.00	77.00
70.51	56.20	95.00	77.00
70.51	56.20	95.00	77.00
65.93	58.49	95.00	77.00
70.51	58.49	95.00	77.00
65.93	58.49	95.00	77.00
70.51	58.49	95.00	77.00
65.93	58.49	95.00	77.00
65.93	58.49	95.00	77.00
65.93	58.49	95.00	77.00
70.51	58.49	95.00	77.00
65.93	58.49	95.00	77.00
70.51	58.49	95.00	77.00
70.51	58.49	95.00	77.00
70.51	58.49	95.00	77.00
70.51	58.49	95.00	77.00
71.51	58.49	93.00	76.00
71.51	58.49	93.00	76.00
71.51	58.49	93.00	76.00
71.51	58.49	93.00	76.00
71.51	58.49	93.00	76.00
71.51	54.00	93.00	76.00
71.51	54.00	93.00	76.00
71.51	54.00	93.00	76.00
71.51	54.00	93.00	76.00
71.51	54.00	93.00	76.00
71.51	54.00	93.00	76.00
71.51	54.00	93.00	76.00
76.00	54.00	93.00	76.00
76.00	54.00	93.00	76.00
77.00	57.25	91.00	74.00
77.00	57.25	91.00	74.00
77.00	57.25	91.00	74.00
77.00	57.25	91.00	74.00
77.00	57.25	91.00	74.00
77.00	61.63	91.00	74.00
77.00	62.63	90.00	73.00
77.00	62.63	90.00	73.00
77.00	62.63	90.00	73.00
77.00	62.63	90.00	73.00
81.36	62.63	90.00	73.00
81.36	62.63	90.00	73.00
81.36	62.63	90.00	73.00
81.36	62.63	90.00	73.00
81.36	66.98	90.00	73.00
82.36	67.98	88.00	71.00
82.36	67.98	88.00	71.00
82.36	67.98	88.00	71.00
82.36	67.98	88.00	71.00
86.60	67.98	88.00	71.00
86.60	67.98	88.00	71.00
86.60	67.98	88.00	71.00
86.60	63.73	88.00	71.00
87.60	63.73	86.00	70.00
87.60	63.73	86.00	70.00
87.60	63.73	86.00	70.00
87.60	59.58	86.00	70.00
87.60	59.58	86.00	70.00
91.76	59.58	86.00	70.00
91.76	59.58	86.00	70.00
91.76	59.58	86.00	70.00
91.76	55.42	86.00	70.00
91.76	59.58	86.00	70.00
91.76	55.42	86.00	70.00
92.76	56.42	84.00	69.00
92.76	56.42	84.00	69.00
96.82	56.42	84.00	69.00
96.82	56.42	84.00	69.00
96.82	56.42	84.00	69.00
96.82	56.42	84.00	69.00
96.82	56.42	84.00	69.00
100.88	56.42	84.00	69.00
100.88	58.46	84.00	69.00
100.88	58.46	84.00	69.00
100.88	58.46	84.00	69.00
100.88	58.46	84.00	69.00
100.88	62.52	84.00	69.00
100.88	62.52	84.00	69.00
105.94	63.52	83.00	67.00
105.94	63.52	83.00	67.00
105.94	63.52	83.00	67.00
105.94	63.52	83.00	67.00
106.94	63.52	81.00	66.00
110.87	63.52	81.00	66.00
110.87	63.52	81.00	66.00
110.87	63.52	81.00	66.00
110.87	63.52	81.00	66.00
110.87	63.52	81.00	66.00
110.87	63.52	81.00	66.00
110.87	63.52	81.00	66.00
110.87	63.52	81.00	66.00
114.80	63.52	81.00	66.00
114.80	63.52	81.00	66.00
114.80	63.52	81.00	66.00
114.80	64.52	80.00	65.00
114.80	64.52	80.00	65.00
115.80	65.52	78.00	63.00
115.80	65.52	78.00	63.00
119.54	65.52	78.00	63.00
119.54	61.78	78.00	63.00
119.54	61.78	78.00	63.00
119.54	61.78	78.00	63.00
119.54	61.78	78.00	63.00
120.54	61.78	76.00	62.00
120.54	61.78	76.00	62.00
124.19	61.78	76.00	62.00
124.19	61.78	76.00	62.00
124.19	61.78	76.00	62.00
124.19	61.78	76.00	62.00
127.84	61.78	76.00	62.00
128.84	59.13	75.00	61.00
129.84	59.13	73.00	60.00
129.84	59.13	73.00	60.00
129.84	59.13	73.00	60.00
129.84	62.66	73.00	60.00
132.49	62.66	73.00	60.00
132.49	60.13	72.00	59.00
132.49	63.63	72.00	59.00
132.49	63.63	72.00	59.00
136.99	64.63	71.00	57.00
136.99	64.63	71.00	57.00
136.99	64.63	71.00	57.00
140.40	64.63	71.00	57.00
139.40	67.04	72.00	59.00
140.40	64.54	71.00	57.00
140.40	67.94	71.00	57.00
142.80	66.94	72.00	59.00
142.80	66.94	72.00	59.00
142.80	66.94	72.00	59.00
143.80	67.94	71.00	57.00
143.80	67.94	71.00	57.00
147.21	67.94	71.00	57.00
147.21	67.94	71.00	57.00
147.21	67.94	71.00	57.00
148.21	67.94	69.00	56.00
151.53	67.94	69.00	56.00
151.53	67.94	69.00	56.00
151.53	68.94	68.00	55.00
151.53	68.94	68.00	55.00
154.82	68.94	68.00	55.00
154.82	68.94	68.00	55.00
154.82	68.94	68.00	55.00
154.82	68.94	68.00	55.00
158.11	68.94	68.00	55.00
158.11	68.94	68.00	55.00
158.11	68.94	68.00	55.00
158.11	68.94	68.00	55.00
161.39	68.94	68.00	55.00
161.39	68.94	68.00	55.00
161.39	68.94	68.00	55.00
161.39	68.94	68.00	55.00
164.68	67.94	69.00	56.00
164.68	67.94	69.00	56.00
164.68	67.94	69.00	56.00
164.68	67.94	69.00	56.00
164.68	67.94	69.00	56.00
164.68	67.94	69.00	56.00
168.00	67.94	69.00	56.00
168.00	67.94	69.00	56.00
168.00	67.94	69.00	56.00
168.00	67.94	69.00	56.00
171.31	67.94	69.00	56.00
171.31	64.63	69.00	56.00
171.31	67.94	69.00	56.00
171.31	67.94	69.00	56.00
171.31	67.94	69.00	56.00
174.63	67.94	69.00	56.00
174.63	67.94	69.00	56.00
174.63	64.63	69.00	56.00
174.63	64.63	69.00	56.00
174.63	64.63	69.00	56.00
177.94	61.31	69.00	56.00
177.94	61.31	69.00	56.00
177.94	61.31	69.00	56.00
177.94	61.31	69.00	56.00
181.26	61.31	69.00	56.00
181.26	61.31	69.00	56.00
181.26	61.31	69.00	56.00
181.26	61.31	69.00	56.00
181.26	61.31	69.00	56.00
181.26	61.31	69.00	56.00
181.26	61.31	69.00	56.00
184.58	65.63	68.00	55.00
184.58	62.34	68.00	55.00
184.58	62.34	68.00	55.00
184.58	65.63	68.00	55.00
184.58	65.63	68.00	55.00
184.58	68.92	68.00	55.00
184.58	68.92	68.00	55.00
187.86	68.92	68.00	55.00
187.86	68.92	68.00	55.00
187.86	68.92	68.00	55.00
187.86	68.92	68.00	55.00
187.86	65.63	68.00	55.00
187.86	62.34	68.00	55.00
191.15	62.34	68.00	55.00
191.15	62.34	68.00	55.00
191.15	62.34	68.00	55.00
191.15	62.34	68.00	55.00
191.15	62.34	68.00	55.00
191.15	62.34	68.00	55.00
194.44	65.63	68.00	55.00
194.44	65.63	68.00	55.00
194.44	65.63	68.00	55.00
194.44	65.63	68.00	55.00
194.44	65.63	68.00	55.00
194.44	62.34	68.00	55.00
194.44	62.34	68.00	55.00
194.44	62.34	68.00	55.00
194.44	62.34	68.00	55.00
194.44	62.34	68.00	55.00
194.44	62.34	68.00	55.00
194.44	62.34	68.00	55.00
194.44	65.63	68.00	55.00
194.44	65.63	68.00	55.00
197.73	65.63	68.00	55.00
197.73	65.63	68.00	55.00
197.73	65.63	68.00	55.00
197.73	65.63	68.00	55.00
197.73	65.63	68.00	55.00
198.73	65.63	67.00	54.00
199.73	66.63	65.00	53.00
202.85	66.63	65.00	53.00
202.85	66.63	65.00	53.00
202.85	66.63	65.00	53.00
202.85	66.63	65.00	53.00
202.85	66.63	65.00	53.00
202.85	66.63	65.00	53.00
202.85	66.63	65.00	53.00
202.85	69.74	65.00	53.00
202.85	69.74	65.00	53.00
205.96	69.74	65.00	53.00
205.96	69.74	65.00	53.00
205.96	66.63	65.00	53.00
205.96	66.63	65.00	53.00
205.96	66.63	65.00	53.00
205.96	66.63	65.00	53.00
208.08	65.63	67.00	54.00
208.08	65.63	67.00	54.00
208.08	65.63	67.00	54.00
208.08	65.63	67.00	54.00
208.08	65.63	67.00	54.00
208.08	65.63	67.00	54.00
208.08	68.84	67.00	54.00
208.08	65.63	67.00	54.00
208.08	68.84	67.00	54.00
211.29	68.84	67.00	54.00
211.29	68.84	67.00	54.00
211.29	68.84	67.00	54.00
211.29	68.84	67.00	54.00
211.29	65.63	67.00	54.00
211.29	65.63	67.00	54.00
211.29	65.63	67.00	54.00
211.29	65.63	67.00	54.00
214.50	65.63	67.00	54.00
214.50	65.63	67.00	54.00
214.50	68.84	67.00	54.00
214.50	68.84	67.00	54.00
214.50	65.63	67.00	54.00
214.50	65.63	67.00	54.00
217.70	65.63	67.00	54.00
217.70	65.63	67.00	54.00
217.70	65.63	67.00	54.00
217.70	65.63	67.00	54.00
217.70	65.63	67.00	54.00
217.70	69.64	67.00	54.00
217.70	72.85	67.00	54.00
217.70	76.06	67.00	54.00
217.70	72.85	67.00	54.00
217.70	72.85	67.00	54.00
220.91	72.85	67.00	54.00
220.91	69.64	67.00	54.00
220.91	63.22	67.00	54.00
220.91	59.21	67.00	54.00
220.91	56.00	67.00	54.00
220.91	52.79	67.00	54.00
220.91	56.00	67.00	54.00
220.91	56.00	67.00	54.00
220.91	59.21	67.00	54.00
220.91	59.21	67.00	54.00
224.12	63.22	67.00	54.00
220.91	66.43	67.00	54.00
224.12	66.43	67.00	54.00
224.12	69.64	67.00	54.00
224.12	66.43	67.00	54.00
224.12	69.64	67.00	54.00
224.12	66.43	67.00	54.00
224.12	66.43	67.00	54.00
224.12	66.43	67.00	54.00
224.12	66.43	67.00	54.00
224.12	66.43	67.00	54.00
224.12	66.43	67.00	54.00
224.12	66.43	67.00	54.00
227.33	66.43	67.00	54.00
227.33	66.43	67.00	54.00
227.33	66.43	67.00	54.00
227.33	66.43	67.00	54.00
227.33	66.43	67.00	54.00
227.33	66.43	67.00	54.00
227.33	66.43	67.00	54.00
227.33	66.43	67.00	54.00
227.33	69.64	67.00	54.00
227.33	69.64	67.00	54.00
227.33	69.64	67.00	54.00
227.33	69.64	67.00	54.00
227.33	72.85	67.00	54.00
227.33	72.85	67.00	54.00
227.33	72.85	67.00	54.00
227.33	72.85	67.00	54.00
227.33	69.64	67.00	54.00
227.33	66.43	67.00	54.00
227.33	66.43	67.00	54.00
227.33	66.43	67.00	54.00
227.33	66.43	67.00	54.00
227.33	70.44	67.00	54.00
227.33	70.44	67.00	54.00
227.33	73.65	67.00	54.00
227.33	70.44	67.00	54.00
227.33	70.44	67.00	54.00
227.33	70.44	67.00	54.00
227.33	67.23	67.00	54.00
227.33	67.23	67.00	54.00
227.33	64.02	67.00	54.00
227.33	64.02	67.00	54.00
227.33	64.02	67.00	54.00
227.33	64.02	67.00	54.00
227.33	64.02	67.00	54.00
227.33	64.02	67.00	54.00
227.33	64.02	67.00	54.00
227.33	64.02	67.00	54.00
227.33	64.02	67.00	54.00
227.33	67.23	67.00	54.00
225.73	67.23	67.00	54.00
225.73	64.02	67.00	54.00
225.73	67.23	67.00	54.00
225.73	67.23	67.00	54.00
225.73	64.02	67.00	54.00
225.73	64.02	67.00	54.00
225.73	64.02	67.00	54.00
225.73	64.02	67.00	54.00
224.73	64.02	68.00	55.00
221.44	64.02	68.00	55.00
221.44	67.31	68.00	55.00
221.44	67.31	68.00	55.00
221.44	67.31	68.00	55.00
221.44	64.02	68.00	55.00
221.44	64.02	68.00	55.00
221.44	64.02	68.00	55.00
221.44	64.02	68.00	55.00
221.44	64.02	68.00	55.00
218.15	64.02	68.00	55.00
218.15	64.02	68.00	55.00
218.15	64.02	68.00	55.00
218.15	64.02	68.00	55.00
218.15	64.02	68.00	55.00
218.15	67.31	68.00	55.00
214.86	67.31	68.00	55.00
214.86	67.31	68.00	55.00
214.86	67.31	68.00	55.00
214.86	67.31	68.00	55.00
214.86	67.31	68.00	55.00
214.86	67.31	68.00	55.00
214.86	67.31	68.00	55.00
211.57	67.31	68.00	55.00
211.57	67.31	68.00	55.00
211.57	67.31	68.00	55.00
211.57	67.31	68.00	55.00
211.57	67.31	68.00	55.00
211.57	67.31	68.00	55.00
208.28	67.31	68.00	55.00
211.57	67.31	68.00	55.00
208.28	67.31	68.00	55.00
208.28	67.31	68.00	55.00
208.28	67.31	68.00	55.00
208.28	67.31	68.00	55.00
208.28	67.31	68.00	55.00
208.28	67.31	68.00	55.00
208.28	67.31	68.00	55.00
208.28	64.02	68.00	55.00
208.28	64.02	68.00	55.00
208.28	63.02	69.00	56.00
208.28	66.34	69.00	56.00
204.97	66.34	69.00	56.00
208.28	66.34	69.00	56.00
204.97	63.02	69.00	56.00
204.97	63.02	69.00	56.00
204.97	66.34	69.00	56.00
204.97	66.34	69.00	56.00
204.97	66.34	69.00	56.00
204.97	66.34	69.00	56.00
204.97	66.34	69.00	56.00
204.97	66.34	69.00	56.00
204.97	66.34	69.00	56.00
204.97	66.34	69.00	56.00
204.97	66.34	69.00	56.00
204.97	66.34	69.00	56.00
204.97	66.34	69.00	56.00
204.97	66.34	69.00	56.00
204.97	66.34	69.00	56.00
204.97	66.34	69.00	56.00
204.97	66.34	69.00	56.00
204.97	66.34	69.00	56.00
204.97	66.34	69.00	56.00
204.97	66.34	69.00	56.00
204.97	66.34	69.00	56.00
204.97	66.34	69.00	56.00
204.97	66.34	69.00	56.00
203.97	66.34	71.00	57.00
203.97	66.34	71.00	57.00
200.56	66.34	71.00	57.00
200.56	66.34	71.00	57.00
200.56	66.34	71.00	57.00
200.56	66.34	71.00	57.00
200.56	66.34	71.00	57.00
200.56	66.34	71.00	57.00
200.56	66.34	71.00	57.00
200.56	66.34	71.00	57.00
200.56	66.34	71.00	57.00
200.56	66.34	71.00	57.00
200.56	66.34	71.00	57.00
200.56	66.34	71.00	57.00
200.56	66.34	71.00	57.00
200.56	66.34	71.00	57.00
200.56	66.34	71.00	57.00
200.56	62.93	71.00	57.00
200.56	62.93	71.00	57.00
199.56	61.93	72.00	59.00
196.06	61.93	72.00	59.00
196.06	61.93	72.00	59.00
196.06	61.93	72.00	59.00
196.06	61.93	72.00	59.00
199.56	61.93	72.00	59.00
196.06	61.93	72.00	59.00
196.06	61.93	72.00	59.00
196.06	61.93	72.00	59.00
199.56	61.93	72.00	59.00
196.06	61.93	72.00	59.00
196.06	65.43	72.00	59.00
199.56	61.93	72.00	59.00
196.06	61.93	72.00	59.00
196.06	61.93	72.00	59.00
196.06	61.93	72.00	59.00
196.06	61.93	72.00	59.00
199.56	61.93	72.00	59.00
196.06	61.93	72.00	59.00
196.06	61.93	72.00	59.00
196.06	65.43	72.00	59.00
196.06	65.43	72.00	59.00
199.56	65.43	72.00	59.00
196.06	65.43	72.00	59.00
196.06	65.43	72.00	59.00
196.06	65.43	72.00	59.00
199.56	65.43	72.00	59.00
196.06	65.43	72.00	59.00
199.56	65.43	72.00	59.00
199.56	64.43	73.00	60.00
199.56	64.43	73.00	60.00
198.56	64.43	75.00	61.00
198.56	64.43	75.00	61.00
198.56	64.43	75.00	61.00
198.56	64.43	75.00	61.00
198.56	64.43	75.00	61.00
198.56	64.43	75.00	61.00
198.56	64.43	75.00	61.00
202.18	64.43	75.00	61.00
198.56	64.43	75.00	61.00
202.18	64.43	75.00	61.00
202.18	64.43	75.00	61.00
202.18	64.43	75.00	61.00
202.18	64.43	75.00	61.00
202.18	64.43	75.00	61.00
202.18	60.81	75.00	61.00
202.18	64.43	75.00	61.00
202.18	60.81	75.00	61.00
202.18	64.43	75.00	61.00
205.80	60.81	75.00	61.00
205.80	64.43	75.00	61.00
205.80	60.81	75.00	61.00
204.80	59.81	76.00	62.00
204.80	59.81	76.00	62.00
204.80	59.81	76.00	62.00
204.80	59.81	76.00	62.00
204.80	59.81	76.00	62.00
208.45	59.81	76.00	62.00
208.45	59.81	76.00	62.00
207.45	59.81	78.00	63.00
207.45	59.81	78.00	63.00
207.45	59.81	78.00	63.00
211.19	63.55	78.00	63.00
211.19	63.55	78.00	63.00
211.19	63.55	78.00	63.00
211.19	63.55	78.00	63.00
211.19	63.55	78.00	63.00
211.19	63.55	78.00	63.00
214.93	63.55	78.00	63.00
214.93	63.55	78.00	63.00
214.93	63.55	78.00	63.00
214.93	63.55	78.00	63.00
214.93	59.81	78.00	63.00
218.67	59.81	78.00	63.00
217.67	62.55	80.00	65.00
217.67	62.55	80.00	65.00
217.67	62.55	80.00	65.00
217.67	62.55	80.00	65.00
221.52	62.55	80.00	65.00
221.52	66.40	80.00	65.00
221.52	66.40	80.00	65.00
221.52	64.48	80.00	65.00
225.37	63.48	81.00	66.00
225.37	63.48	81.00	66.00
225.37	63.48	81.00	66.00
225.37	63.48	81.00	66.00
225.37	63.48	81.00	66.00
229.30	63.48	81.00	66.00
229.30	63.48	81.00	66.00
228.30	63.48	83.00	67.00
228.30	63.48	83.00	67.00
232.27	63.48	83.00	67.00
232.27	63.48	83.00	67.00
232.27	63.48	83.00	67.00
232.27	63.48	83.00	67.00
235.23	62.48	84.00	69.00
235.23	62.48	84.00	69.00
235.23	58.42	84.00	69.00
235.23	58.42	84.00	69.00
239.30	58.42	84.00	69.00
239.30	58.42	84.00	69.00
239.30	58.42	84.00	69.00
239.30	58.42	84.00	69.00
243.36	58.42	84.00	69.00
242.36	57.42	86.00	70.00
242.36	57.42	86.00	70.00
242.36	57.42	86.00	70.00
242.36	57.42	86.00	70.00
246.51	61.57	86.00	70.00
246.51	61.57	86.00	70.00
246.51	57.42	86.00	70.00
246.51	57.42	86.00	70.00
246.51	61.57	86.00	70.00
249.67	61.57	88.00	71.00
249.67	61.57	88.00	71.00
249.67	61.57	88.00	71.00
249.67	61.57	88.00	71.00
249.67	65.82	88.00	71.00
252.91	60.57	90.00	73.00
252.91	64.92	90.00	73.00
252.91	64.92	90.00	73.00
252.91	60.57	90.00	73.00
257.27	64.92	90.00	73.00
257.27	64.92	90.00	73.00
257.27	64.92	90.00	73.00
257.27	64.92	90.00	73.00
257.27	64.92	90.00	73.00
257.27	64.92	90.00	73.00
261.62	61.75	91.00	74.00
261.62	61.75	91.00	74.00
261.62	61.75	91.00	74.00
261.62	61.75	91.00	74.00
261.62	61.75	91.00	74.00
266.00	61.75	91.00	74.00
266.00	61.75	91.00	74.00
265.00	60.75	93.00	76.00
265.00	60.75	93.00	76.00
265.00	60.75	93.00	76.00
265.00	60.75	93.00	76.00
265.00	56.26	93.00	76.00
269.49	60.75	93.00	76.00
269.49	56.26	93.00	76.00
269.49	59.63	93.00	76.00
269.49	59.63	93.00	76.00
269.49	59.63	93.00	76.00
269.49	59.63	93.00	76.00
272.98	59.63	95.00	77.00
272.98	59.63	95.00	77.00
272.98	64.21	95.00	77.00
272.98	59.63	95.00	77.00
