144.00	63.00	57.00	89.00
144.00	63.00	57.00	89.00
144.00	63.00	57.00	89.00
144.00	63.00	57.00	89.00
144.00	63.00	57.00	89.00
144.00	63.00	57.00	89.00
144.00	63.00	57.00	89.00
144.00	63.00	57.00	89.00
144.00	63.00	57.00	89.00
144.00	63.00	57.00	89.00
144.00	63.00	57.00	89.00
144.00	63.00	57.00	89.00
144.00	63.00	57.00	89.00
144.00	63.00	57.00	89.00
144.00	63.00	57.00	89.00
144.00	63.00	57.00	89.00
144.00	63.00	57.00	89.00
144.00	63.00	57.00	89.00
144.00	63.00	57.00	89.00
144.00	63.00	57.00	89.00
144.00	63.00	57.00	89.00
144.00	63.00	57.00	89.00
144.00	63.00	57.00	89.00
144.00	63.00	57.00	89.00
144.00	63.00	57.00	89.00
144.00	63.00	57.00	89.00
144.00	63.00	57.00	89.00
144.00	63.00	57.00	89.00
144.00	63.00	57.00	89.00
144.00	63.00	57.00	89.00
144.00	63.00	57.00	89.00
144.00	63.00	57.00	89.00
144.00	63.00	57.00	89.00
144.00	63.00	57.00	89.00
144.00	63.00	57.00	89.00
144.00	63.00	57.00	89.00
144.00	63.00	57.00	89.00
144.00	63.00	57.00	89.00
144.00	63.00	57.00	89.00
144.00	63.00	57.00	89.00
144.00	64.00	56.00	87.00
144.00	64.00	56.00	87.00
144.00	64.00	56.00	87.00
144.00	64.00	56.00	87.00
144.00	64.00	56.00	87.00
144.00	64.00	56.00	87.00
144.00	64.00	56.00	87.00
144.00	64.00	56.00	87.00
144.00	64.00	56.00	87.00
144.00	63.00	57.00	89.00
144.00	63.00	57.00	89.00
144.00	63.00	57.00	89.00
144.00	63.00	57.00	89.00
144.00	63.00	57.00	89.00
144.00	63.00	57.00	89.00
144.00	63.00	57.00	89.00
144.00	63.00	57.00	89.00
144.00	63.00	57.00	89.00
144.00	63.00	57.00	89.00
144.00	63.00	57.00	89.00
144.00	63.00	57.00	89.00
144.00	63.00	57.00	89.00
144.00	63.00	57.00	89.00
144.00	63.00	57.00	89.00
144.00	63.00	57.00	89.00
144.00	63.00	57.00	89.00
143.00	62.00	58.00	91.00
143.00	62.00	58.00	91.00
143.00	62.00	58.00	91.00
143.00	62.00	58.00	91.00
143.00	62.00	58.00	91.00
143.00	62.00	58.00	91.00
143.00	62.00	58.00	91.00
143.00	62.00	58.00	91.00
143.00	62.00	58.00	91.00
143.00	62.00	58.00	91.00
143.00	62.00	58.00	91.00
143.00	62.00	58.00	91.00
143.00	62.00	58.00	91.00
143.00	62.00	58.00	91.00
143.00	62.00	58.00	91.00
143.00	62.00	58.00	91.00
143.00	62.00	58.00	91.00
143.00	62.00	58.00	91.00
143.00	62.00	58.00	91.00
143.00	62.00	58.00	91.00
143.00	62.00	58.00	91.00
143.00	62.00	58.00	91.00
143.00	62.00	58.00	91.00
143.00	62.00	58.00	91.00
143.00	62.00	58.00	91.00
143.00	62.00	58.00	91.00
143.00	62.00	58.00	91.00
143.00	62.00	58.00	91.00
143.00	62.00	58.00	91.00
143.00	62.00	58.00	91.00
143.00	62.00	58.00	91.00
143.00	62.00	58.00	91.00
143.00	62.00	58.00	91.00
143.00	62.00	58.00	91.00
143.00	62.00	58.00	91.00
143.00	62.00	58.00	91.00
143.00	62.00	58.00	91.00
143.00	62.00	58.00	91.00
143.00	62.00	58.00	91.00
143.00	62.00	58.00	91.00
143.00	62.00	58.00	91.00
143.00	62.00	58.00	91.00
143.00	62.00	58.00	91.00
143.00	62.00	58.00	91.00
143.00	62.00	58.00	91.00
143.00	62.00	58.00	91.00
143.00	62.00	58.00	91.00
143.00	62.00	58.00	91.00
143.00	62.00	58.00	91.00
143.00	62.00	58.00	91.00
143.00	62.00	58.00	91.00
143.00	62.00	58.00	91.00
143.00	62.00	58.00	91.00
143.00	62.00	58.00	91.00
143.00	62.00	58.00	91.00
143.00	62.00	58.00	91.00
143.00	62.00	58.00	91.00
139.06	62.00	58.00	91.00
139.06	62.00	58.00	91.00
135.13	62.00	58.00	91.00
131.19	62.00	58.00	91.00
127.26	61.00	59.00	93.00
122.23	60.00	60.00	94.00
119.18	65.05	59.00	93.00
115.15	65.05	59.00	93.00
111.12	65.05	59.00	93.00
106.08	66.05	58.00	91.00
101.17	66.05	58.00	91.00
101.17	66.05	58.00	91.00
101.17	66.05	58.00	91.00
101.17	66.05	58.00	91.00
101.17	66.05	58.00	91.00
101.17	66.05	58.00	91.00
101.17	66.05	58.00	91.00
101.17	66.05	58.00	91.00
101.17	66.05	58.00	91.00
101.17	66.05	58.00	91.00
101.17	66.05	58.00	91.00
101.17	66.05	58.00	91.00
101.17	66.05	58.00	91.00
101.17	66.05	58.00	91.00
101.17	66.05	58.00	91.00
101.17	66.05	58.00	91.00
101.17	66.05	58.00	91.00
101.17	66.05	58.00	91.00
101.17	66.05	58.00	91.00
101.17	66.05	58.00	91.00
101.17	66.05	58.00	91.00
101.17	66.05	58.00	91.00
101.17	66.05	58.00	91.00
101.17	66.05	58.00	91.00
101.17	66.05	58.00	91.00
101.17	66.05	58.00	91.00
101.17	66.05	58.00	91.00
101.17	66.05	58.00	91.00
101.17	66.05	58.00	91.00
101.17	66.05	58.00	91.00
101.17	66.05	58.00	91.00
101.17	66.05	58.00	91.00
101.17	66.05	58.00	91.00
101.17	66.05	58.00	91.00
101.17	66.05	58.00	91.00
101.17	66.05	58.00	91.00
98.23	67.05	57.00	89.00
98.23	67.05	57.00	89.00
98.23	67.05	57.00	89.00
98.23	67.05	57.00	89.00
98.23	67.05	57.00	89.00
98.23	67.05	57.00	89.00
98.23	67.05	57.00	89.00
98.23	67.05	57.00	89.00
98.23	67.05	57.00	89.00
97.23	66.05	58.00	91.00
97.23	65.05	59.00	93.00
97.23	65.05	59.00	93.00
97.23	65.05	59.00	93.00
97.23	65.05	59.00	93.00
97.23	65.05	59.00	93.00
97.23	65.05	59.00	93.00
96.23	64.05	60.00	94.00
95.20	69.11	59.00	93.00
90.17	69.11	59.00	93.00
86.14	69.11	59.00	93.00
86.14	69.11	59.00	93.00
81.11	68.11	60.00	94.00
77.06	68.11	60.00	94.00
73.00	68.11	60.00	94.00
66.93	67.11	62.00	96.00
63.77	72.27	60.00	94.00
60.72	73.27	59.00	93.00
60.72	73.27	59.00	93.00
56.69	73.27	59.00	93.00
56.69	73.27	59.00	93.00
52.66	73.27	59.00	93.00
52.66	73.27	59.00	93.00
48.63	73.27	59.00	93.00
48.63	73.27	59.00	93.00
48.63	73.27	59.00	93.00
48.63	73.27	59.00	93.00
48.63	73.27	59.00	93.00
44.61	73.27	59.00	93.00
44.61	73.27	59.00	93.00
44.61	73.27	59.00	93.00
44.61	73.27	59.00	93.00
44.61	73.27	59.00	93.00
44.61	73.27	59.00	93.00
44.61	73.27	59.00	93.00
44.61	73.27	59.00	93.00
44.61	73.27	59.00	93.00
44.61	73.27	59.00	93.00
44.61	73.27	59.00	93.00
44.61	73.27	59.00	93.00
44.61	73.27	59.00	93.00
44.61	73.27	59.00	93.00
44.61	73.27	59.00	93.00
44.61	73.27	59.00	93.00
44.61	73.27	59.00	93.00
44.61	73.27	59.00	93.00
44.61	73.27	59.00	93.00
44.61	73.27	59.00	93.00
44.61	73.27	59.00	93.00
44.61	73.27	59.00	93.00
44.61	73.27	59.00	93.00
44.61	73.27	59.00	93.00
44.61	73.27	59.00	93.00
44.61	73.27	59.00	93.00
44.61	73.27	59.00	93.00
48.63	73.27	59.00	93.00
52.66	73.27	59.00	93.00
56.69	73.27	59.00	93.00
59.72	72.27	60.00	94.00
63.77	72.27	60.00	94.00
68.84	72.27	60.00	94.00
73.91	72.27	60.00	94.00
77.96	72.27	60.00	94.00
82.02	72.27	60.00	94.00
87.07	73.27	59.00	93.00
91.10	73.27	59.00	93.00
95.13	74.27	58.00	91.00
99.06	74.27	58.00	91.00
100.05	74.27	58.00	91.00
103.98	74.27	58.00	91.00
104.97	74.27	58.00	91.00
108.90	69.34	59.00	93.00
108.90	69.34	59.00	93.00
108.90	69.34	59.00	93.00
108.90	69.34	59.00	93.00
108.90	69.34	59.00	93.00
108.90	69.34	59.00	93.00
108.90	69.34	59.00	93.00
108.90	69.34	59.00	93.00
108.90	69.34	59.00	93.00
104.88	69.34	59.00	93.00
100.85	69.34	59.00	93.00
95.82	68.34	60.00	94.00
91.75	73.39	59.00	93.00
86.72	68.36	60.00	94.00
82.65	73.42	59.00	93.00
78.63	73.42	59.00	93.00
74.60	73.42	59.00	93.00
74.60	73.42	59.00	93.00
70.57	73.42	59.00	93.00
70.57	73.42	59.00	93.00
70.57	73.42	59.00	93.00
70.57	73.42	59.00	93.00
70.57	73.42	59.00	93.00
70.57	73.42	59.00	93.00
70.57	73.42	59.00	93.00
74.60	73.42	59.00	93.00
78.63	73.42	59.00	93.00
82.65	73.42	59.00	93.00
87.69	73.42	59.00	93.00
95.75	73.42	59.00	93.00
99.77	73.42	59.00	93.00
103.80	73.42	59.00	93.00
103.80	73.42	59.00	93.00
107.83	73.42	59.00	93.00
107.83	73.42	59.00	93.00
107.83	73.42	59.00	93.00
107.83	73.42	59.00	93.00
107.83	73.42	59.00	93.00
107.83	73.42	59.00	93.00
107.83	73.42	59.00	93.00
107.83	73.42	59.00	93.00
107.83	73.42	59.00	93.00
103.80	73.42	59.00	93.00
99.77	73.42	59.00	93.00
95.75	73.42	59.00	93.00
91.72	73.42	59.00	93.00
87.69	73.42	59.00	93.00
83.66	73.42	59.00	93.00
78.63	73.42	59.00	93.00
74.60	73.42	59.00	93.00
69.56	73.42	59.00	93.00
65.54	73.42	59.00	93.00
65.54	73.42	59.00	93.00
61.51	73.42	59.00	93.00
61.51	73.42	59.00	93.00
61.51	73.42	59.00	93.00
61.51	73.42	59.00	93.00
61.51	73.42	59.00	93.00
61.51	73.42	59.00	93.00
61.51	73.42	59.00	93.00
61.51	73.42	59.00	93.00
61.51	73.42	59.00	93.00
61.51	73.42	59.00	93.00
61.51	73.42	59.00	93.00
61.51	73.42	59.00	93.00
61.51	73.42	59.00	93.00
61.51	73.42	59.00	93.00
61.51	73.42	59.00	93.00
61.51	73.42	59.00	93.00
61.51	73.42	59.00	93.00
61.51	73.42	59.00	93.00
61.51	73.42	59.00	93.00
61.51	73.42	59.00	93.00
61.51	73.42	59.00	93.00
61.51	73.42	59.00	93.00
61.51	73.42	59.00	93.00
61.51	73.42	59.00	93.00
61.51	73.42	59.00	93.00
