83.00	200.00	35.00	131.00
83.00	200.00	35.00	131.00
87.21	195.79	35.00	131.00
91.42	200.00	35.00	131.00
96.68	200.00	35.00	131.00
105.10	200.00	35.00	131.00
105.10	201.00	34.00	128.00
109.21	201.00	34.00	128.00
113.31	204.11	35.00	131.00
112.31	202.11	36.00	134.00
116.63	202.11	36.00	134.00
116.63	202.11	36.00	134.00
120.94	202.11	36.00	134.00
120.94	201.11	36.00	136.00
125.33	201.11	36.00	136.00
129.72	201.11	36.00	136.00
134.11	201.11	36.00	136.00
138.49	201.11	36.00	136.00
142.88	201.11	36.00	136.00
147.27	200.11	37.00	139.00
151.76	200.11	37.00	139.00
156.26	200.11	37.00	139.00
156.26	195.61	37.00	139.00
160.75	195.61	37.00	139.00
165.24	195.61	37.00	139.00
165.24	195.61	37.00	139.00
169.73	195.61	37.00	139.00
174.22	196.61	36.00	136.00
178.61	196.61	36.00	136.00
178.61	197.61	36.00	134.00
182.92	196.61	36.00	136.00
187.31	195.61	37.00	139.00
187.31	195.61	37.00	139.00
191.81	192.12	36.00	136.00
191.81	192.12	36.00	136.00
196.19	192.12	36.00	136.00
200.58	192.12	36.00	136.00
204.97	195.51	37.00	139.00
213.96	191.02	37.00	139.00
218.45	191.02	37.00	139.00
222.94	191.02	37.00	139.00
226.43	189.02	38.00	142.00
231.03	188.02	39.00	145.00
231.03	183.32	39.00	145.00
235.72	188.02	39.00	145.00
240.42	188.02	39.00	145.00
245.12	184.49	39.00	145.00
249.82	184.49	39.00	145.00
254.52	184.49	39.00	145.00
259.22	189.19	39.00	145.00
263.92	189.19	39.00	145.00
268.62	189.19	39.00	145.00
273.31	187.19	39.00	148.00
278.10	187.19	39.00	148.00
282.88	187.19	39.00	148.00
287.67	187.19	39.00	148.00
292.45	187.19	39.00	148.00
297.24	191.98	39.00	148.00
302.02	191.98	39.00	148.00
306.80	189.19	39.00	145.00
311.50	189.19	39.00	145.00
316.20	189.19	39.00	145.00
320.90	189.19	39.00	145.00
325.60	189.19	39.00	145.00
330.30	187.19	39.00	148.00
335.08	187.19	39.00	148.00
335.08	187.19	39.00	148.00
341.06	189.19	39.00	145.00
345.76	193.89	39.00	145.00
351.63	193.89	39.00	145.00
356.33	193.89	39.00	145.00
361.03	193.89	39.00	145.00
365.73	193.89	39.00	145.00
370.43	191.89	39.00	148.00
370.43	191.89	39.00	148.00
375.21	191.89	39.00	148.00
380.00	191.89	39.00	148.00
384.78	191.89	39.00	148.00
389.56	191.89	39.00	148.00
389.56	191.89	39.00	148.00
394.35	191.89	39.00	148.00
394.35	191.89	39.00	148.00
394.35	191.89	39.00	148.00
394.35	191.89	39.00	148.00
393.35	190.89	40.00	150.00
388.53	190.89	40.00	150.00
388.53	190.89	40.00	150.00
383.71	195.71	40.00	150.00
383.71	195.71	40.00	150.00
382.50	195.71	40.00	150.00
378.68	191.89	39.00	148.00
378.68	195.48	39.00	148.00
377.48	195.48	39.00	148.00
372.70	195.48	39.00	148.00
370.31	195.48	39.00	148.00
364.52	199.26	40.00	150.00
364.52	199.26	40.00	150.00
363.32	199.26	40.00	150.00
363.32	199.26	40.00	150.00
368.14	199.26	40.00	150.00
368.14	199.26	40.00	150.00
368.14	199.26	40.00	150.00
368.14	199.26	40.00	150.00
368.14	199.26	40.00	150.00
368.14	199.26	40.00	150.00
368.14	199.26	40.00	150.00
368.14	199.26	40.00	150.00
368.14	204.09	40.00	150.00
369.14	205.09	39.00	148.00
369.14	207.09	39.00	145.00
367.96	207.09	39.00	145.00
367.96	207.09	39.00	145.00
367.96	207.09	39.00	145.00
372.66	207.09	39.00	145.00
372.66	207.09	39.00	145.00
372.66	203.39	38.00	142.00
372.66	203.39	38.00	142.00
372.66	203.39	38.00	142.00
372.66	206.98	39.00	145.00
377.36	206.98	39.00	145.00
377.36	206.98	39.00	145.00
377.36	211.68	39.00	145.00
377.36	211.68	39.00	145.00
382.06	211.68	39.00	145.00
386.76	211.68	39.00	145.00
391.46	211.68	39.00	145.00
396.16	206.98	39.00	145.00
400.85	206.98	39.00	145.00
410.25	206.98	39.00	145.00
419.65	206.98	39.00	145.00
429.05	206.98	39.00	145.00
438.44	206.98	39.00	145.00
447.84	206.98	39.00	145.00
457.24	206.98	39.00	145.00
461.94	206.98	39.00	145.00
471.33	204.63	39.00	145.00
472.51	204.63	39.00	145.00
477.21	204.63	39.00	145.00
481.91	204.63	39.00	145.00
486.61	204.63	39.00	145.00
488.95	204.63	39.00	145.00
493.65	204.63	39.00	145.00
498.35	204.63	39.00	145.00
503.05	204.63	39.00	145.00
507.75	204.63	39.00	145.00
512.45	204.63	39.00	145.00
517.15	204.63	39.00	145.00
521.85	204.63	39.00	145.00
526.54	204.63	39.00	145.00
526.54	209.33	39.00	145.00
526.54	209.33	39.00	145.00
526.54	209.33	39.00	145.00
526.54	205.81	39.00	145.00
519.50	205.81	39.00	145.00
513.62	205.81	39.00	145.00
504.23	205.81	39.00	145.00
494.83	203.81	39.00	148.00
485.26	203.81	39.00	148.00
479.28	203.81	39.00	148.00
469.71	203.81	39.00	148.00
464.93	203.81	39.00	148.00
460.14	203.81	39.00	148.00
455.36	203.81	39.00	148.00
454.36	202.81	40.00	150.00
454.36	202.81	40.00	150.00
454.36	197.99	40.00	150.00
454.36	197.99	40.00	150.00
454.36	197.99	40.00	150.00
454.36	197.99	40.00	150.00
454.36	197.99	40.00	150.00
451.95	197.99	40.00	150.00
447.13	197.99	40.00	150.00
447.13	197.99	40.00	150.00
447.13	196.99	41.00	153.00
442.20	196.99	41.00	153.00
441.20	194.99	42.00	157.00
441.20	194.99	42.00	157.00
436.11	194.99	42.00	157.00
436.11	194.99	42.00	157.00
431.01	194.99	42.00	157.00
429.74	194.99	42.00	157.00
424.64	194.99	42.00	157.00
419.55	194.99	42.00	157.00
415.46	191.89	41.00	153.00
415.46	191.89	41.00	153.00
410.53	191.89	41.00	153.00
410.53	191.89	41.00	153.00
410.53	191.89	41.00	153.00
405.61	191.89	41.00	153.00
405.61	191.89	41.00	153.00
400.68	191.89	41.00	153.00
395.76	191.89	41.00	153.00
395.76	191.89	41.00	153.00
390.83	191.89	41.00	153.00
389.83	189.89	42.00	157.00
384.74	189.89	42.00	157.00
384.74	189.89	42.00	157.00
380.64	191.89	41.00	153.00
380.64	191.89	41.00	153.00
380.64	191.89	41.00	153.00
375.72	191.89	41.00	153.00
375.72	191.89	41.00	153.00
370.79	191.89	41.00	153.00
370.79	191.89	41.00	153.00
369.79	189.89	42.00	157.00
364.70	189.89	42.00	157.00
364.70	189.89	42.00	157.00
364.70	189.89	42.00	157.00
364.70	194.99	42.00	157.00
364.70	194.99	42.00	157.00
364.70	194.99	42.00	157.00
360.60	196.99	41.00	153.00
360.60	192.06	41.00	153.00
360.60	192.06	41.00	153.00
360.60	192.06	41.00	153.00
360.60	192.06	41.00	153.00
355.68	188.14	40.00	150.00
355.68	188.14	40.00	150.00
355.68	188.14	40.00	150.00
351.86	189.14	39.00	148.00
351.86	189.14	39.00	148.00
347.07	189.14	39.00	148.00
347.07	189.14	39.00	148.00
347.07	189.14	39.00	148.00
342.29	189.14	39.00	148.00
342.29	189.14	39.00	148.00
342.29	189.14	39.00	148.00
337.50	189.14	39.00	148.00
337.50	189.14	39.00	148.00
332.72	189.14	39.00	148.00
332.72	189.14	39.00	148.00
327.93	189.14	39.00	148.00
327.93	189.14	39.00	148.00
327.93	189.14	39.00	148.00
323.15	189.14	39.00	148.00
323.15	189.14	39.00	148.00
323.15	191.14	39.00	145.00
318.45	186.44	39.00	145.00
318.45	186.44	39.00	145.00
318.45	186.44	39.00	145.00
313.75	186.44	39.00	145.00
313.75	181.74	39.00	145.00
313.75	181.74	39.00	145.00
309.05	181.74	39.00	145.00
309.05	177.04	39.00	145.00
304.36	177.04	39.00	145.00
299.66	178.04	38.00	142.00
295.06	178.04	38.00	142.00
290.47	182.64	38.00	142.00
286.87	184.64	37.00	139.00
282.38	184.64	37.00	139.00
277.89	184.64	37.00	139.00
