129.00	80.00	64.00	78.00
129.00	80.00	64.00	78.00
126.24	84.76	63.00	76.00
126.24	88.47	63.00	76.00
122.53	88.47	63.00	76.00
118.81	89.47	62.00	75.00
118.81	84.93	62.00	75.00
115.18	80.38	62.00	75.00
116.18	75.84	60.00	74.00
116.18	75.84	60.00	74.00
113.64	76.84	59.00	72.00
106.63	76.84	59.00	72.00
102.25	81.34	58.00	71.00
94.55	84.76	58.00	71.00
91.13	84.76	58.00	71.00
91.13	81.34	58.00	71.00
91.13	76.92	59.00	72.00
91.13	76.92	59.00	72.00
95.51	76.92	59.00	72.00
98.01	79.42	60.00	74.00
98.01	79.42	60.00	74.00
98.01	83.85	60.00	74.00
98.01	83.85	60.00	74.00
98.01	83.85	60.00	74.00
101.55	87.39	60.00	74.00
102.55	88.39	59.00	72.00
102.55	88.39	59.00	72.00
102.55	84.01	59.00	72.00
109.56	77.01	59.00	72.00
113.06	73.50	59.00	72.00
116.56	70.00	59.00	72.00
120.94	70.00	59.00	72.00
125.32	70.00	59.00	72.00
128.82	70.00	59.00	72.00
132.32	70.00	59.00	72.00
132.32	73.50	59.00	72.00
132.32	73.50	59.00	72.00
128.82	70.00	59.00	72.00
128.82	70.00	59.00	72.00
125.32	67.50	58.00	71.00
121.90	67.50	58.00	71.00
117.62	67.50	58.00	71.00
109.92	69.92	59.00	72.00
104.54	73.30	60.00	74.00
97.46	76.84	60.00	74.00
93.91	76.84	60.00	74.00
93.91	76.84	60.00	74.00
90.37	76.84	60.00	74.00
90.37	76.84	60.00	74.00
90.37	76.84	60.00	74.00
90.37	68.87	60.00	74.00
93.91	65.33	60.00	74.00
93.91	65.33	60.00	74.00
98.34	65.33	60.00	74.00
98.34	69.76	60.00	74.00
101.88	76.84	60.00	74.00
105.42	80.38	60.00	74.00
108.97	83.92	60.00	74.00
113.51	84.92	59.00	72.00
117.01	84.92	59.00	72.00
120.51	80.55	59.00	72.00
124.02	72.67	59.00	72.00
126.52	68.16	60.00	74.00
126.52	64.62	60.00	74.00
125.52	64.62	62.00	75.00
125.52	71.80	63.00	76.00
125.52	75.52	63.00	76.00
121.80	76.52	62.00	75.00
121.80	80.15	62.00	75.00
122.80	80.15	60.00	74.00
119.26	80.15	60.00	74.00
119.26	75.73	60.00	74.00
119.26	72.18	60.00	74.00
120.26	73.18	59.00	72.00
120.26	77.56	59.00	72.00
120.26	81.94	59.00	72.00
116.76	81.94	59.00	72.00
116.76	85.44	59.00	72.00
116.76	86.44	58.00	71.00
116.76	86.44	58.00	71.00
113.34	86.44	58.00	71.00
109.91	83.02	58.00	71.00
105.64	79.60	58.00	71.00
106.64	77.18	57.00	69.00
106.64	77.18	57.00	69.00
106.64	80.51	57.00	69.00
103.31	88.00	57.00	69.00
103.31	91.33	57.00	69.00
106.64	94.66	57.00	69.00
109.96	97.99	57.00	69.00
113.29	97.99	57.00	69.00
113.29	90.49	57.00	69.00
117.46	83.00	57.00	69.00
120.79	75.51	57.00	69.00
123.95	71.18	58.00	71.00
127.37	70.18	59.00	72.00
126.37	72.68	60.00	74.00
130.91	73.68	59.00	72.00
129.91	76.19	60.00	74.00
133.45	76.19	60.00	74.00
133.45	76.19	60.00	74.00
133.45	76.19	60.00	74.00
134.45	73.65	59.00	72.00
134.45	74.65	58.00	71.00
135.45	75.65	57.00	69.00
132.12	75.65	57.00	69.00
132.12	75.65	56.00	68.00
128.82	82.25	56.00	68.00
126.52	83.25	55.00	67.00
123.30	83.25	55.00	67.00
119.27	86.47	55.00	67.00
115.24	89.70	55.00	67.00
111.21	86.47	55.00	67.00
111.21	83.25	55.00	67.00
111.21	80.03	55.00	67.00
110.21	79.03	56.00	68.00
110.21	79.03	56.00	68.00
113.51	79.03	56.00	68.00
110.21	79.03	56.00	68.00
113.51	82.33	56.00	68.00
113.51	85.63	56.00	68.00
113.51	85.63	56.00	68.00
116.82	85.63	56.00	68.00
116.82	81.51	56.00	68.00
120.12	77.38	56.00	68.00
120.12	74.07	56.00	68.00
123.42	70.77	56.00	68.00
130.85	70.77	56.00	68.00
130.85	67.47	56.00	68.00
130.85	67.47	56.00	68.00
134.16	71.60	56.00	68.00
134.16	68.29	56.00	68.00
134.16	71.60	56.00	68.00
134.16	68.29	56.00	68.00
130.85	68.29	56.00	68.00
130.85	68.29	56.00	68.00
130.85	64.99	56.00	68.00
130.85	61.69	56.00	68.00
130.85	58.39	56.00	68.00
130.85	58.39	56.00	68.00
127.55	58.39	56.00	68.00
123.42	58.39	56.00	68.00
123.42	58.39	56.00	68.00
119.29	62.51	56.00	68.00
115.99	62.51	56.00	68.00
112.69	62.51	56.00	68.00
112.69	62.51	56.00	68.00
109.38	55.91	56.00	68.00
110.38	53.61	55.00	67.00
110.38	53.61	55.00	67.00
110.38	53.61	55.00	67.00
107.16	53.61	55.00	67.00
110.38	56.83	55.00	67.00
110.38	56.83	55.00	67.00
110.38	64.08	55.00	67.00
110.38	67.30	55.00	67.00
113.61	70.52	55.00	67.00
113.61	70.52	55.00	67.00
116.83	67.30	55.00	67.00
116.83	64.08	55.00	67.00
116.83	60.86	55.00	67.00
116.83	57.63	55.00	67.00
115.83	53.41	56.00	68.00
115.83	53.41	57.00	69.00
115.83	53.41	57.00	69.00
112.50	56.74	57.00	69.00
112.50	60.07	57.00	69.00
112.50	63.40	57.00	69.00
111.67	66.73	57.00	69.00
111.67	66.73	57.00	69.00
111.67	70.06	57.00	69.00
111.67	66.73	57.00	69.00
111.67	63.40	57.00	69.00
111.67	59.24	57.00	69.00
111.67	55.08	57.00	69.00
111.67	51.75	56.00	68.00
112.67	52.75	55.00	67.00
112.67	52.75	55.00	67.00
112.67	55.97	55.00	67.00
115.89	59.19	55.00	67.00
115.89	59.19	55.00	67.00
115.89	62.41	55.00	67.00
115.89	65.64	55.00	67.00
112.67	66.64	54.00	65.00
108.69	69.82	54.00	65.00
104.71	69.82	54.00	65.00
100.73	66.64	54.00	65.00
100.73	66.64	54.00	65.00
96.75	63.45	54.00	65.00
93.57	63.45	54.00	65.00
90.39	63.45	54.00	65.00
90.39	63.45	54.00	65.00
90.39	63.45	54.00	65.00
93.57	63.45	54.00	65.00
96.75	63.45	54.00	65.00
99.94	56.29	54.00	65.00
103.91	53.11	54.00	65.00
103.91	49.93	54.00	65.00
107.10	46.74	54.00	65.00
111.08	46.74	54.00	65.00
118.24	53.11	54.00	65.00
121.42	56.29	54.00	65.00
124.61	56.29	54.00	65.00
128.58	59.48	54.00	65.00
131.77	59.48	54.00	65.00
131.77	58.48	55.00	67.00
134.99	60.89	55.00	67.00
133.99	63.11	56.00	68.00
137.29	66.42	56.00	68.00
140.60	69.72	56.00	68.00
140.60	69.72	56.00	68.00
140.60	69.72	56.00	68.00
140.60	69.72	56.00	68.00
137.29	69.72	56.00	68.00
133.16	69.72	57.00	69.00
129.00	69.72	57.00	69.00
121.51	69.72	57.00	69.00
118.18	69.72	57.00	69.00
110.69	69.72	57.00	69.00
109.69	68.72	58.00	71.00
106.27	67.72	59.00	72.00
102.77	67.72	59.00	72.00
102.77	67.72	59.00	72.00
105.27	71.10	60.00	74.00
105.27	74.64	60.00	74.00
111.35	78.18	62.00	75.00
114.99	77.18	63.00	76.00
119.63	77.18	63.00	76.00
124.28	77.18	63.00	76.00
127.92	76.18	64.00	78.00
131.68	76.18	64.00	78.00
135.43	75.18	65.00	80.00
139.28	71.33	65.00	80.00
139.28	71.33	65.00	80.00
143.13	75.18	65.00	80.00
139.28	75.18	65.00	80.00
139.28	79.03	65.00	80.00
139.28	83.88	64.00	78.00
136.53	81.12	63.00	76.00
136.53	84.84	63.00	76.00
140.24	82.12	62.00	75.00
141.24	82.12	60.00	74.00
141.24	82.12	60.00	74.00
144.78	78.58	60.00	74.00
144.78	78.58	60.00	74.00
149.33	79.58	59.00	72.00
149.33	83.08	59.00	72.00
149.33	86.59	59.00	72.00
149.33	86.59	59.00	72.00
149.33	86.59	59.00	72.00
149.33	86.59	59.00	72.00
143.95	85.59	60.00	74.00
139.41	81.16	62.00	75.00
139.41	77.52	62.00	75.00
135.77	73.89	62.00	75.00
135.77	72.89	63.00	76.00
132.05	68.24	63.00	76.00
132.05	64.53	63.00	76.00
132.05	64.53	63.00	76.00
132.05	69.17	63.00	76.00
132.05	77.53	63.00	76.00
132.05	82.18	63.00	76.00
135.77	86.82	63.00	76.00
135.77	86.82	63.00	76.00
139.49	82.18	63.00	76.00
138.49	76.53	64.00	78.00
142.24	71.84	64.00	78.00
142.24	68.08	64.00	78.00
142.24	67.08	65.00	80.00
142.24	63.23	65.00	80.00
142.24	63.23	65.00	80.00
138.39	67.08	65.00	80.00
138.39	68.08	64.00	78.00
138.39	71.84	64.00	78.00
139.39	72.84	63.00	76.00
134.75	72.84	63.00	76.00
130.10	72.84	63.00	76.00
121.74	69.12	63.00	76.00
118.03	69.12	63.00	76.00
113.38	61.76	62.00	75.00
105.20	58.12	62.00	75.00
100.66	58.12	62.00	75.00
96.11	58.12	62.00	75.00
92.48	58.12	62.00	75.00
92.48	62.67	62.00	75.00
92.48	70.85	62.00	75.00
92.48	74.49	62.00	75.00
92.48	74.49	62.00	75.00
92.48	74.49	62.00	75.00
100.66	78.12	62.00	75.00
104.29	74.49	62.00	75.00
112.47	74.49	62.00	75.00
120.65	74.49	62.00	75.00
120.65	74.49	62.00	75.00
120.65	70.85	62.00	75.00
116.11	70.85	62.00	75.00
111.56	70.85	62.00	75.00
104.29	70.85	62.00	75.00
99.75	74.49	62.00	75.00
91.57	74.49	62.00	75.00
83.39	70.85	62.00	75.00
75.20	69.85	63.00	76.00
65.84	60.49	64.00	78.00
61.15	55.80	64.00	78.00
56.46	51.10	64.00	78.00
56.46	51.10	64.00	78.00
57.46	52.10	63.00	76.00
52.74	59.46	64.00	78.00
52.74	67.91	64.00	78.00
48.98	71.67	64.00	78.00
45.23	75.42	64.00	78.00
40.53	75.42	64.00	78.00
32.09	75.42	64.00	78.00
28.33	75.42	64.00	78.00
23.64	70.73	64.00	78.00
23.64	66.03	64.00	78.00
23.64	61.34	64.00	78.00
28.39	62.34	63.00	76.00
32.11	62.34	63.00	76.00
36.75	66.98	63.00	76.00
40.47	70.70	63.00	76.00
40.47	74.42	63.00	76.00
45.11	74.42	63.00	76.00
49.76	78.13	63.00	76.00
54.40	78.13	63.00	76.00
59.05	75.42	62.00	75.00
67.32	70.87	60.00	74.00
70.86	62.90	60.00	74.00
78.83	54.93	60.00	74.00
86.80	50.51	60.00	74.00
94.77	50.51	60.00	74.00
99.20	54.05	60.00	74.00
102.74	57.59	60.00	74.00
102.74	61.13	60.00	74.00
106.28	61.13	60.00	74.00
106.28	64.67	60.00	74.00
106.28	64.67	60.00	74.00
106.28	64.67	60.00	74.00
105.28	61.13	62.00	75.00
105.28	60.13	63.00	76.00
101.56	56.42	63.00	76.00
104.28	59.13	64.00	78.00
100.52	59.13	64.00	78.00
100.52	59.13	64.00	78.00
100.52	62.89	64.00	78.00
100.52	62.89	64.00	78.00
100.52	62.89	64.00	78.00
100.52	62.89	64.00	78.00
100.52	62.89	64.00	78.00
104.28	58.19	64.00	78.00
108.97	53.50	64.00	78.00
113.67	49.74	64.00	78.00
117.42	49.74	64.00	78.00
121.18	54.44	64.00	78.00
121.18	62.89	64.00	78.00
118.42	68.58	63.00	76.00
118.42	73.23	63.00	76.00
118.42	76.94	63.00	76.00
114.71	72.30	63.00	76.00
114.71	65.87	62.00	75.00
118.34	62.23	62.00	75.00
126.52	58.59	62.00	75.00
130.16	62.23	62.00	75.00
131.16	62.23	60.00	74.00
132.16	66.77	59.00	72.00
128.66	71.27	58.00	71.00
121.96	72.27	57.00	69.00
118.63	72.27	57.00	69.00
111.14	72.27	57.00	69.00
103.64	64.78	57.00	69.00
99.48	61.45	57.00	69.00
99.48	57.29	57.00	69.00
99.48	53.96	57.00	69.00
102.81	58.12	57.00	69.00
102.81	61.45	57.00	69.00
102.81	61.45	57.00	69.00
102.81	65.61	57.00	69.00
99.48	65.61	57.00	69.00
96.15	65.61	57.00	69.00
96.15	68.94	57.00	69.00
91.99	64.78	57.00	69.00
96.15	61.45	57.00	69.00
99.48	58.12	57.00	69.00
102.81	58.12	57.00	69.00
113.63	62.29	56.00	68.00
116.94	66.41	56.00	68.00
124.37	66.41	56.00	68.00
131.80	63.11	56.00	68.00
135.10	63.11	56.00	68.00
138.40	59.81	56.00	68.00
141.71	59.81	56.00	68.00
142.71	57.51	55.00	67.00
142.71	54.28	55.00	67.00
145.93	51.06	55.00	67.00
145.93	47.84	55.00	67.00
145.93	48.84	54.00	65.00
146.93	52.02	53.00	64.00
151.03	60.00	51.00	63.00
147.27	66.77	50.00	62.00
144.29	70.50	50.00	62.00
140.56	73.48	50.00	62.00
133.85	73.48	50.00	62.00
127.89	69.76	50.00	62.00
127.89	63.79	50.00	62.00
133.85	60.06	50.00	62.00
133.85	60.06	50.00	62.00
134.60	60.06	50.00	62.00
135.60	64.79	49.00	60.00
138.49	67.68	49.00	60.00
138.49	71.57	49.00	59.00
138.49	71.57	48.00	58.00
141.28	74.37	48.00	58.00
141.28	74.37	48.00	58.00
145.78	75.37	47.00	57.00
148.55	69.13	46.00	56.00
145.86	66.44	46.00	56.00
149.22	66.44	46.00	56.00
152.58	72.50	46.00	56.00
149.89	75.19	46.00	56.00
150.89	78.88	45.00	55.00
145.57	81.54	44.00	54.00
142.34	81.54	44.00	54.00
143.34	79.96	43.00	52.00
140.79	80.96	42.00	51.00
137.71	77.88	42.00	51.00
135.63	75.41	41.00	50.00
130.15	72.37	41.00	50.00
127.71	71.76	41.00	50.00
125.28	63.84	41.00	50.00
125.28	58.35	41.00	50.00
120.40	59.35	41.00	49.00
118.03	64.10	41.00	49.00
118.03	66.47	41.00	49.00
118.03	66.47	40.00	48.00
115.69	71.74	40.00	48.00
116.69	71.74	39.00	48.00
116.69	72.74	38.00	47.00
114.88	72.74	37.00	46.00
119.88	72.74	37.00	46.00
124.88	72.74	37.00	46.00
132.11	72.74	37.00	46.00
139.33	73.74	37.00	45.00
144.19	75.90	37.00	45.00
146.88	73.74	37.00	45.00
149.04	75.90	37.00	45.00
146.88	78.06	37.00	45.00
149.04	75.36	36.00	44.00
154.84	74.23	35.00	43.00
152.78	74.23	35.00	43.00
152.78	72.18	35.00	42.00
148.20	73.18	34.00	41.00
139.65	66.64	34.00	41.00
143.67	68.65	34.00	41.00
141.16	70.66	34.00	41.00
139.15	66.14	34.00	41.00
137.14	68.15	34.00	41.00
145.69	72.68	34.00	41.00
152.22	75.19	34.00	41.00
154.23	75.19	34.00	41.00
156.75	77.20	34.00	41.00
156.75	79.21	34.00	41.00
159.26	79.21	34.00	41.00
159.26	79.21	34.00	41.00
159.26	79.21	34.00	41.00
159.26	79.21	34.00	41.00
156.75	79.21	34.00	41.00
152.22	79.21	34.00	41.00
150.21	77.20	34.00	41.00
150.21	77.20	34.00	41.00
145.69	77.20	34.00	41.00
139.15	75.19	34.00	41.00
