139.00	112.00	51.00	36.00
139.00	114.32	51.00	36.00
139.00	116.65	51.00	36.00
139.00	116.65	51.00	36.00
139.00	118.97	51.00	36.00
139.00	118.97	51.00	36.00
139.00	118.97	51.00	36.00
138.00	121.30	52.00	37.00
138.00	121.30	52.00	37.00
138.00	121.30	52.00	37.00
138.00	121.30	52.00	37.00
138.00	121.30	52.00	37.00
136.65	118.95	51.00	36.00
136.65	118.95	51.00	36.00
136.65	118.95	51.00	36.00
136.65	118.95	51.00	36.00
136.65	118.95	51.00	36.00
136.65	118.95	51.00	36.00
135.65	118.95	52.00	37.00
135.65	116.60	52.00	37.00
135.65	116.60	52.00	37.00
135.65	116.60	52.00	37.00
135.65	116.60	52.00	37.00
135.65	114.24	52.00	37.00
135.65	114.24	52.00	37.00
135.65	114.24	52.00	37.00
136.65	111.89	51.00	36.00
138.97	111.89	51.00	36.00
138.97	111.89	51.00	36.00
138.97	111.89	51.00	36.00
141.30	109.57	51.00	36.00
141.30	109.57	51.00	36.00
141.30	109.57	51.00	36.00
141.30	109.57	51.00	36.00
141.30	109.57	51.00	36.00
143.62	109.57	51.00	36.00
143.62	109.57	51.00	36.00
146.53	107.24	51.00	36.00
148.85	107.24	51.00	36.00
151.18	107.24	51.00	36.00
153.50	107.24	51.00	36.00
156.41	107.24	51.00	36.00
159.31	107.24	51.00	36.00
162.22	107.24	51.00	36.00
163.55	109.57	52.00	37.00
165.90	109.57	52.00	37.00
168.25	111.92	53.00	37.00
168.25	111.92	53.00	37.00
171.20	111.92	53.00	37.00
172.57	110.92	54.00	38.00
172.57	107.86	54.00	38.00
177.45	105.42	54.00	38.00
179.90	105.42	55.00	39.00
182.37	102.33	55.00	39.00
182.37	102.33	55.00	39.00
182.37	99.86	55.00	39.00
182.37	99.86	55.00	39.00
183.84	98.86	56.00	40.00
183.84	96.31	56.00	40.00
183.84	96.31	56.00	40.00
186.39	98.86	56.00	40.00
186.39	98.86	56.00	40.00
188.94	98.86	56.00	40.00
189.94	99.86	55.00	39.00
188.94	101.33	56.00	40.00
188.94	101.33	56.00	40.00
186.39	101.33	56.00	40.00
186.39	101.33	56.00	40.00
188.94	101.33	56.00	40.00
186.39	101.33	56.00	40.00
188.94	101.33	56.00	40.00
186.39	101.33	56.00	40.00
186.39	101.33	56.00	40.00
186.39	101.33	56.00	40.00
186.39	101.33	56.00	40.00
183.84	101.33	56.00	40.00
183.84	101.33	56.00	40.00
183.84	101.33	56.00	40.00
181.29	101.33	56.00	40.00
181.29	101.33	56.00	40.00
181.29	101.33	56.00	40.00
178.74	101.33	57.00	41.00
178.74	98.75	56.00	40.00
176.19	98.75	56.00	40.00
176.19	98.75	56.00	40.00
173.64	98.75	56.00	40.00
173.64	98.75	56.00	40.00
171.09	98.75	56.00	40.00
171.09	96.20	56.00	40.00
172.09	97.20	55.00	39.00
169.61	97.20	55.00	39.00
169.61	99.67	55.00	39.00
169.61	99.67	55.00	39.00
169.61	99.67	54.00	38.00
169.61	99.67	54.00	38.00
167.17	99.67	54.00	38.00
169.61	102.12	55.00	39.00
169.61	102.12	55.00	39.00
169.61	102.12	55.00	39.00
167.76	102.12	55.00	39.00
167.76	102.12	55.00	39.00
167.76	102.12	55.00	39.00
167.76	102.12	55.00	39.00
167.76	102.12	55.00	39.00
164.29	101.12	56.00	40.00
164.29	101.12	56.00	40.00
164.29	101.12	56.00	40.00
164.29	101.12	56.00	40.00
161.74	101.12	56.00	40.00
161.74	101.12	56.00	40.00
161.74	101.12	56.00	40.00
161.74	101.12	56.00	40.00
161.74	103.67	56.00	40.00
161.74	101.12	56.00	40.00
161.74	101.12	56.00	40.00
161.74	101.12	56.00	40.00
161.74	101.12	56.00	40.00
161.74	101.12	56.00	40.00
161.74	99.84	56.00	40.00
161.74	99.84	56.00	40.00
162.74	98.29	55.00	39.00
162.74	98.29	55.00	39.00
162.74	95.82	54.00	38.00
162.74	95.82	54.00	38.00
162.74	93.38	54.00	38.00
162.74	93.38	54.00	38.00
163.74	91.93	53.00	37.00
163.74	91.93	53.00	37.00
163.74	89.57	52.00	37.00
161.39	89.57	52.00	37.00
164.74	87.22	51.00	36.00
164.74	87.22	51.00	36.00
164.74	84.89	51.00	36.00
164.74	84.89	51.00	36.00
164.74	84.89	51.00	36.00
164.74	82.57	51.00	36.00
167.06	82.57	51.00	36.00
164.74	82.57	51.00	36.00
167.06	80.24	51.00	36.00
167.06	80.24	51.00	36.00
167.06	80.24	51.00	36.00
167.06	80.24	51.00	36.00
167.06	77.92	51.00	36.00
167.06	77.92	51.00	36.00
167.06	77.92	51.00	36.00
167.06	77.92	51.00	36.00
167.06	75.59	51.00	36.00
167.06	75.59	51.00	36.00
167.06	75.59	51.00	36.00
167.06	75.59	51.00	36.00
167.06	75.59	51.00	36.00
167.06	75.59	51.00	36.00
167.06	75.59	51.00	36.00
167.06	73.27	51.00	36.00
167.06	73.27	51.00	36.00
167.06	73.27	51.00	36.00
167.06	73.27	51.00	36.00
167.06	73.27	51.00	36.00
167.06	73.27	51.00	36.00
169.39	73.27	51.00	36.00
169.39	73.27	51.00	36.00
169.39	73.27	51.00	36.00
169.39	73.27	51.00	36.00
169.39	73.27	51.00	36.00
169.39	73.27	51.00	36.00
169.39	73.27	51.00	36.00
169.39	73.27	51.00	36.00
169.39	73.27	51.00	36.00
169.39	73.27	51.00	36.00
169.39	73.27	51.00	36.00
169.39	73.27	51.00	36.00
169.39	75.59	51.00	36.00
169.39	75.59	51.00	36.00
169.39	75.59	51.00	36.00
169.39	75.59	51.00	36.00
169.39	75.59	51.00	36.00
169.39	78.50	51.00	36.00
169.39	80.82	51.00	36.00
169.39	80.82	51.00	36.00
169.39	80.82	51.00	36.00
169.39	80.82	51.00	36.00
169.39	83.15	51.00	36.00
169.39	83.15	51.00	36.00
169.39	85.47	51.00	36.00
169.39	85.47	51.00	36.00
168.39	87.80	52.00	37.00
168.39	87.80	53.00	37.00
167.39	89.16	54.00	38.00
169.83	90.38	54.00	38.00
169.83	92.83	54.00	38.00
169.83	92.83	54.00	38.00
169.83	95.27	54.00	38.00
169.83	95.27	55.00	39.00
169.83	97.74	55.00	39.00
169.83	97.74	55.00	39.00
169.83	100.21	55.00	39.00
168.83	99.21	56.00	40.00
168.83	99.21	56.00	40.00
168.83	101.76	57.00	41.00
168.83	101.76	57.00	41.00
168.83	101.76	57.00	41.00
168.83	104.34	57.00	41.00
168.83	104.34	57.00	41.00
168.83	104.34	57.00	41.00
168.83	106.92	57.00	41.00
167.83	109.50	59.00	41.00
170.49	109.50	59.00	41.00
170.49	109.50	59.00	41.00
169.49	111.15	60.00	42.00
169.49	111.15	60.00	42.00
169.49	111.15	60.00	42.00
169.49	113.84	60.00	42.00
169.49	113.84	60.00	42.00
169.49	116.52	60.00	42.00
169.49	116.52	60.00	42.00
169.49	119.20	60.00	42.00
169.49	121.88	61.00	43.00
169.49	121.88	61.00	43.00
169.49	124.65	61.00	43.00
168.49	126.41	62.00	44.00
168.49	126.41	62.00	44.00
168.49	129.20	62.00	44.00
168.49	129.20	62.00	44.00
168.49	129.20	62.00	44.00
168.49	131.99	62.00	44.00
168.49	131.99	62.00	44.00
168.49	131.99	62.00	44.00
168.49	131.99	62.00	44.00
168.49	131.99	62.00	44.00
168.49	134.78	62.00	44.00
168.49	134.78	62.00	44.00
168.49	134.78	62.00	44.00
168.49	134.78	62.00	44.00
168.49	134.78	62.00	44.00
168.49	134.78	62.00	44.00
168.49	134.78	62.00	44.00
168.49	134.78	62.00	44.00
168.49	134.78	62.00	44.00
168.49	134.78	62.00	44.00
168.49	131.99	62.00	44.00
168.49	131.99	62.00	44.00
168.49	129.20	62.00	44.00
165.70	129.20	63.00	45.00
165.70	125.61	63.00	45.00
165.70	122.74	62.00	44.00
166.70	120.95	61.00	43.00
166.70	118.19	60.00	42.00
164.02	118.19	61.00	43.00
164.02	115.43	61.00	43.00
164.02	115.43	61.00	43.00
164.02	112.66	60.00	42.00
167.70	110.98	59.00	41.00
168.70	110.98	57.00	41.00
168.70	110.98	57.00	41.00
168.70	110.98	57.00	41.00
168.70	110.98	57.00	41.00
165.12	110.98	59.00	41.00
165.12	108.33	59.00	41.00
162.47	108.33	59.00	41.00
162.47	108.33	59.00	41.00
158.81	107.33	60.00	42.00
159.81	105.64	59.00	41.00
159.81	105.64	59.00	41.00
160.81	102.99	57.00	41.00
160.81	102.99	57.00	41.00
160.81	100.41	57.00	41.00
160.81	100.41	57.00	41.00
160.81	97.83	56.00	40.00
160.81	97.83	57.00	41.00
160.81	97.83	57.00	41.00
160.81	95.25	57.00	41.00
160.81	95.25	57.00	41.00
160.81	92.68	56.00	40.00
160.81	92.68	56.00	40.00
160.81	92.68	56.00	40.00
163.36	92.68	56.00	40.00
163.36	92.68	56.00	40.00
163.36	92.68	56.00	40.00
163.36	92.68	56.00	40.00
165.91	92.68	56.00	40.00
165.91	92.68	56.00	40.00
165.91	92.68	56.00	40.00
165.91	92.68	56.00	40.00
165.91	92.68	56.00	40.00
165.91	92.68	56.00	40.00
165.91	92.68	56.00	40.00
165.91	92.68	56.00	40.00
165.91	92.68	56.00	40.00
165.91	92.68	56.00	40.00
165.91	92.68	56.00	40.00
165.91	92.68	56.00	40.00
165.91	92.68	56.00	40.00
165.91	92.68	56.00	40.00
165.91	92.68	56.00	40.00
165.91	92.68	56.00	40.00
165.91	92.68	56.00	40.00
165.91	92.68	56.00	40.00
165.91	95.23	57.00	41.00
164.91	95.23	59.00	41.00
164.91	95.23	59.00	41.00
164.91	95.23	59.00	41.00
164.91	95.23	59.00	41.00
164.91	95.23	59.00	41.00
164.91	95.23	59.00	41.00
164.91	95.23	59.00	41.00
164.91	95.23	59.00	41.00
164.91	95.23	59.00	41.00
164.91	95.23	59.00	41.00
164.91	95.23	59.00	41.00
165.91	92.57	57.00	41.00
168.49	92.57	56.00	40.00
168.49	92.57	56.00	40.00
168.49	92.57	56.00	40.00
168.49	92.57	56.00	40.00
168.49	92.57	56.00	40.00
168.49	92.57	56.00	40.00
168.49	92.57	56.00	40.00
168.49	92.57	56.00	40.00
168.49	92.57	56.00	40.00
168.49	92.57	56.00	40.00
168.49	92.57	56.00	40.00
168.49	92.57	56.00	40.00
171.04	92.57	56.00	40.00
171.04	92.57	56.00	40.00
171.04	92.57	57.00	41.00
171.04	92.57	57.00	41.00
171.04	92.57	57.00	41.00
173.62	92.57	57.00	41.00
173.62	92.57	57.00	41.00
173.62	92.57	57.00	41.00
173.62	92.57	57.00	41.00
173.62	92.57	57.00	41.00
174.26	92.57	57.00	41.00
174.26	92.57	57.00	41.00
174.26	92.57	57.00	41.00
176.84	92.57	57.00	41.00
176.84	92.57	57.00	41.00
176.84	92.57	57.00	41.00
176.84	92.57	57.00	41.00
179.42	92.57	56.00	40.00
179.42	92.57	56.00	40.00
179.42	92.57	56.00	40.00
179.42	92.57	56.00	40.00
179.42	92.57	56.00	40.00
179.42	92.57	56.00	40.00
179.42	92.57	56.00	40.00
179.42	92.57	56.00	40.00
179.42	92.57	56.00	40.00
180.42	93.57	55.00	39.00
176.95	95.04	56.00	40.00
176.95	95.04	56.00	40.00
176.95	95.04	57.00	41.00
179.53	95.04	57.00	41.00
179.53	95.04	57.00	41.00
179.53	95.04	57.00	41.00
179.53	95.04	57.00	41.00
179.53	95.04	57.00	41.00
179.53	95.04	57.00	41.00
179.53	95.04	57.00	41.00
179.53	95.04	57.00	41.00
182.10	95.04	57.00	41.00
182.10	95.04	57.00	41.00
182.10	95.04	57.00	41.00
182.10	95.04	57.00	41.00
182.10	95.04	57.00	41.00
182.10	95.04	57.00	41.00
182.10	95.04	57.00	41.00
182.10	95.04	57.00	41.00
184.68	95.04	57.00	41.00
184.68	95.04	57.00	41.00
184.68	95.04	57.00	41.00
184.68	95.04	57.00	41.00
187.26	92.46	57.00	41.00
184.68	95.04	57.00	41.00
187.26	92.46	57.00	41.00
187.26	95.04	57.00	41.00
187.26	95.04	57.00	41.00
187.26	95.04	57.00	41.00
187.26	95.04	57.00	41.00
187.26	95.04	57.00	41.00
187.26	95.04	57.00	41.00
189.84	95.04	57.00	41.00
189.84	95.04	57.00	41.00
189.84	95.04	57.00	41.00
189.84	95.04	57.00	41.00
189.84	95.04	57.00	41.00
189.84	95.04	57.00	41.00
189.84	95.04	57.00	41.00
192.41	95.04	57.00	41.00
189.84	95.04	57.00	41.00
192.41	95.04	57.00	41.00
192.41	95.04	57.00	41.00
192.41	95.04	57.00	41.00
192.41	95.04	57.00	41.00
192.41	95.04	57.00	41.00
192.41	95.04	57.00	41.00
192.41	97.62	57.00	41.00
192.41	97.62	57.00	41.00
192.41	97.62	57.00	41.00
192.41	97.62	57.00	41.00
192.41	97.62	57.00	41.00
192.41	97.62	57.00	41.00
192.41	97.62	57.00	41.00
192.41	97.62	57.00	41.00
192.41	97.62	57.00	41.00
192.41	97.62	57.00	41.00
192.41	97.62	57.00	41.00
192.41	97.62	57.00	41.00
192.41	97.62	57.00	41.00
192.41	97.62	57.00	41.00
192.41	97.62	57.00	41.00
192.41	97.62	57.00	41.00
192.41	97.62	57.00	41.00
192.41	97.62	57.00	41.00
192.41	97.62	57.00	41.00
192.41	97.62	57.00	41.00
192.41	97.62	57.00	41.00
192.41	97.62	57.00	41.00
192.41	97.62	57.00	41.00
192.41	97.62	57.00	41.00
192.41	97.62	57.00	41.00
194.99	97.62	57.00	41.00
194.99	97.62	57.00	41.00
194.99	97.62	57.00	41.00
194.99	97.62	57.00	41.00
194.99	97.62	57.00	41.00
194.99	97.62	57.00	41.00
194.99	97.62	57.00	41.00
194.99	97.62	57.00	41.00
194.99	97.62	57.00	41.00
194.99	97.62	57.00	41.00
194.99	97.62	57.00	41.00
194.99	97.62	57.00	41.00
197.57	97.62	57.00	41.00
197.57	97.62	57.00	41.00
197.57	97.62	57.00	41.00
197.57	97.62	57.00	41.00
197.57	97.62	57.00	41.00
194.99	97.62	57.00	41.00
194.99	97.62	57.00	41.00
194.99	97.62	57.00	41.00
194.99	97.62	57.00	41.00
192.41	96.33	57.00	41.00
189.84	96.33	57.00	41.00
189.84	96.33	57.00	41.00
189.84	96.33	57.00	41.00
187.26	96.33	57.00	41.00
187.26	96.33	57.00	41.00
187.26	96.33	57.00	41.00
187.26	96.33	57.00	41.00
184.68	96.33	57.00	41.00
184.68	96.33	57.00	41.00
184.68	96.33	57.00	41.00
184.68	96.33	57.00	41.00
184.68	96.33	57.00	41.00
182.10	96.33	57.00	41.00
182.10	96.33	57.00	41.00
182.10	96.33	57.00	41.00
182.10	96.33	57.00	41.00
182.10	96.33	57.00	41.00
182.10	96.33	57.00	41.00
182.10	96.33	57.00	41.00
182.10	96.33	57.00	41.00
182.10	96.33	57.00	41.00
182.10	96.33	57.00	41.00
182.10	96.33	57.00	41.00
182.10	96.33	57.00	41.00
182.10	96.33	57.00	41.00
182.10	96.33	57.00	41.00
182.10	96.33	57.00	41.00
184.68	96.33	57.00	41.00
184.68	96.33	57.00	41.00
184.68	96.33	57.00	41.00
187.26	98.26	57.00	41.00
187.26	98.26	57.00	41.00
187.26	98.26	57.00	41.00
187.26	98.26	57.00	41.00
189.84	98.26	57.00	41.00
189.84	98.26	57.00	41.00
189.84	98.26	57.00	41.00
192.41	98.26	57.00	41.00
192.41	98.26	57.00	41.00
192.41	98.26	57.00	41.00
194.99	98.26	57.00	41.00
194.99	98.26	57.00	41.00
197.57	98.26	57.00	41.00
197.57	98.26	57.00	41.00
197.57	98.26	57.00	41.00
200.15	98.26	57.00	41.00
200.15	98.26	57.00	41.00
202.73	98.26	57.00	41.00
202.73	98.26	57.00	41.00
205.30	98.26	57.00	41.00
205.30	95.69	57.00	41.00
207.88	95.69	57.00	41.00
207.88	98.26	57.00	41.00
210.46	95.69	57.00	41.00
210.46	98.26	57.00	41.00
210.46	96.98	57.00	41.00
210.46	96.98	57.00	41.00
207.88	96.98	57.00	41.00
207.88	96.98	57.00	41.00
207.88	96.98	57.00	41.00
205.30	98.26	57.00	41.00
202.73	98.26	57.00	41.00
202.73	98.26	57.00	41.00
200.15	98.26	57.00	41.00
197.57	95.69	57.00	41.00
197.57	98.26	57.00	41.00
194.99	95.69	57.00	41.00
194.99	95.69	57.00	41.00
192.41	95.69	57.00	41.00
192.41	95.69	57.00	41.00
189.84	95.69	57.00	41.00
189.84	95.69	57.00	41.00
189.84	95.69	57.00	41.00
187.26	95.69	57.00	41.00
187.26	95.69	57.00	41.00
187.26	93.11	57.00	41.00
187.26	93.11	57.00	41.00
187.26	93.11	57.00	41.00
187.26	93.11	57.00	41.00
187.26	93.11	57.00	41.00
187.26	93.11	57.00	41.00
187.26	93.11	57.00	41.00
184.68	93.11	57.00	41.00
184.68	93.11	57.00	41.00
184.68	90.53	57.00	41.00
184.68	90.53	57.00	41.00
184.68	90.53	57.00	41.00
182.10	87.95	57.00	41.00
182.10	87.95	57.00	41.00
182.10	85.38	57.00	41.00
182.10	85.38	57.00	41.00
182.10	85.38	57.00	41.00
182.10	82.80	57.00	41.00
182.10	85.38	57.00	41.00
182.10	82.80	57.00	41.00
182.10	82.80	57.00	41.00
182.10	82.80	57.00	41.00
182.10	82.80	57.00	41.00
182.10	82.80	57.00	41.00
182.10	82.80	57.00	41.00
182.10	82.80	57.00	41.00
182.10	80.22	57.00	41.00
182.10	80.22	57.00	41.00
182.10	80.22	57.00	41.00
182.10	80.22	57.00	41.00
182.10	80.22	57.00	41.00
182.10	80.22	57.00	41.00
182.10	80.22	57.00	41.00
182.10	80.22	57.00	41.00
182.10	82.80	57.00	41.00
182.10	85.38	57.00	41.00
182.10	85.38	57.00	41.00
182.10	87.95	57.00	41.00
182.10	87.95	57.00	41.00
182.10	90.53	57.00	41.00
182.10	90.53	57.00	41.00
182.10	93.11	57.00	41.00
182.10	93.11	57.00	41.00
182.10	95.69	57.00	41.00
182.10	98.26	57.00	41.00
181.10	98.91	59.00	41.00
180.10	101.23	60.00	42.00
180.10	101.23	60.00	42.00
180.10	103.91	60.00	42.00
180.10	106.59	60.00	42.00
177.42	106.59	60.00	42.00
177.42	109.28	60.00	42.00
177.42	111.96	60.00	42.00
177.42	114.64	60.00	42.00
177.42	117.32	60.00	42.00
174.74	120.01	60.00	42.00
174.74	122.69	60.00	42.00
174.74	125.37	60.00	42.00
172.06	128.05	60.00	42.00
172.06	128.05	60.00	42.00
172.06	130.74	60.00	42.00
172.06	130.74	60.00	42.00
169.37	130.74	60.00	42.00
169.37	130.74	60.00	42.00
166.69	130.74	60.00	42.00
166.69	130.74	60.00	42.00
166.69	128.05	60.00	42.00
164.01	128.05	60.00	42.00
164.01	128.05	60.00	42.00
164.01	128.05	60.00	42.00
164.01	125.37	60.00	42.00
161.33	125.37	60.00	42.00
161.33	125.37	60.00	42.00
164.01	122.69	60.00	42.00
161.33	122.69	60.00	42.00
164.01	120.01	60.00	42.00
164.01	122.69	60.00	42.00
164.01	122.69	60.00	42.00
164.01	123.36	60.00	42.00
164.01	123.36	60.00	42.00
164.01	120.68	60.00	42.00
161.33	117.32	60.00	42.00
158.64	114.64	60.00	42.00
155.96	111.96	60.00	42.00
153.28	112.63	60.00	42.00
153.28	115.31	60.00	42.00
153.28	115.31	60.00	42.00
153.28	118.00	60.00	42.00
153.28	118.00	60.00	42.00
155.96	120.68	60.00	42.00
155.96	120.68	60.00	42.00
158.64	120.68	60.00	42.00
155.96	120.68	60.00	42.00
158.64	118.00	60.00	42.00
155.96	118.00	60.00	42.00
155.96	114.64	60.00	42.00
155.96	111.96	60.00	42.00
155.96	109.28	60.00	42.00
153.28	109.28	60.00	42.00
153.28	109.28	60.00	42.00
153.28	106.59	60.00	42.00
153.28	106.59	60.00	42.00
150.59	106.59	60.00	42.00
150.59	106.59	60.00	42.00
150.59	106.59	60.00	42.00
147.91	106.59	60.00	42.00
147.91	106.59	60.00	42.00
147.91	103.91	60.00	42.00
147.91	103.91	60.00	42.00
145.23	101.23	60.00	42.00
145.23	101.23	60.00	42.00
145.23	101.23	60.00	42.00
147.91	98.55	60.00	42.00
147.91	98.55	60.00	42.00
147.91	98.55	60.00	42.00
147.91	101.23	60.00	42.00
147.91	101.23	60.00	42.00
147.91	101.23	60.00	42.00
147.91	101.23	60.00	42.00
145.23	101.23	60.00	42.00
145.23	98.55	60.00	42.00
142.55	95.86	60.00	42.00
142.55	95.86	60.00	42.00
142.55	95.86	60.00	42.00
142.55	95.86	60.00	42.00
142.55	95.86	60.00	42.00
142.55	98.55	60.00	42.00
145.23	98.55	60.00	42.00
145.23	101.23	61.00	43.00
141.47	102.99	62.00	44.00
141.47	102.99	62.00	44.00
144.26	102.99	62.00	44.00
141.47	102.99	62.00	44.00
141.47	102.99	62.00	44.00
141.47	100.20	62.00	44.00
141.47	100.20	62.00	44.00
138.68	97.41	62.00	44.00
138.68	100.20	62.00	44.00
138.68	100.20	62.00	44.00
141.47	100.20	62.00	44.00
144.26	100.20	62.00	44.00
147.05	102.99	62.00	44.00
149.84	102.99	62.00	44.00
149.84	102.99	62.00	44.00
149.84	102.99	62.00	44.00
147.05	102.99	62.00	44.00
147.05	102.99	62.00	44.00
144.26	102.99	62.00	44.00
144.26	100.20	62.00	44.00
140.77	100.20	62.00	44.00
137.28	102.99	62.00	44.00
134.49	105.78	62.00	44.00
131.70	108.57	62.00	44.00
131.70	108.57	62.00	44.00
134.49	108.57	62.00	44.00
134.49	108.57	62.00	44.00
134.49	111.36	62.00	44.00
134.49	111.36	62.00	44.00
131.70	111.36	62.00	44.00
131.70	111.36	62.00	44.00
134.49	108.57	62.00	44.00
137.28	108.57	62.00	44.00
137.28	105.78	62.00	44.00
140.07	105.78	62.00	44.00
142.86	105.78	62.00	44.00
142.86	105.78	62.00	44.00
146.35	105.78	62.00	44.00
149.84	105.78	62.00	44.00
149.84	105.78	62.00	44.00
149.84	105.78	62.00	44.00
146.35	105.78	62.00	44.00
142.86	105.78	62.00	44.00
136.58	105.78	62.00	44.00
133.79	108.57	62.00	44.00
133.79	111.36	62.00	44.00
133.79	114.15	62.00	44.00
133.79	114.15	62.00	44.00
133.79	114.15	62.00	44.00
131.01	116.94	62.00	44.00
131.01	116.94	62.00	44.00
128.22	116.94	62.00	44.00
128.22	116.94	62.00	44.00
128.22	117.64	62.00	44.00
128.22	117.64	62.00	44.00
128.22	117.64	62.00	44.00
131.01	114.85	63.00	45.00
130.01	113.85	65.00	46.00
127.04	110.89	65.00	46.00
127.04	110.89	65.00	46.00
124.08	107.92	65.00	46.00
121.12	104.96	65.00	46.00
117.41	104.96	65.00	46.00
110.75	102.00	65.00	46.00
108.05	100.04	63.00	45.00
101.59	100.04	63.00	45.00
98.72	100.04	63.00	45.00
95.85	97.17	63.00	45.00
95.85	97.17	63.00	45.00
98.72	97.17	63.00	45.00
98.72	97.17	63.00	45.00
98.72	97.17	63.00	45.00
98.72	97.17	63.00	45.00
95.85	97.17	63.00	45.00
95.85	97.17	63.00	45.00
95.85	97.17	63.00	45.00
98.72	94.30	63.00	45.00
98.72	97.17	63.00	45.00
98.72	97.17	63.00	45.00
98.72	97.17	63.00	45.00
98.72	97.17	63.00	45.00
98.72	97.17	63.00	45.00
95.85	97.17	63.00	45.00
92.98	97.17	63.00	45.00
89.39	97.17	63.00	45.00
82.93	97.17	63.00	45.00
77.19	94.30	63.00	45.00
73.61	94.30	63.00	45.00
73.61	94.30	63.00	45.00
73.61	94.30	63.00	45.00
80.06	97.17	63.00	45.00
89.39	100.04	63.00	45.00
98.72	100.04	63.00	45.00
108.05	103.62	63.00	45.00
110.92	106.49	63.00	45.00
110.92	106.49	63.00	45.00
103.46	105.49	65.00	46.00
99.75	105.49	65.00	46.00
96.79	105.49	65.00	46.00
96.79	102.53	65.00	46.00
96.79	102.53	65.00	46.00
96.79	102.53	65.00	46.00
100.50	105.49	65.00	46.00
104.20	105.49	65.00	46.00
107.16	105.49	65.00	46.00
110.12	108.46	65.00	46.00
113.09	108.46	65.00	46.00
116.05	108.46	65.00	46.00
120.97	108.46	66.00	47.00
126.95	107.46	67.00	48.00
133.09	107.46	67.00	48.00
136.16	110.52	67.00	48.00
136.16	107.46	67.00	48.00
136.16	107.46	67.00	48.00
136.16	107.46	67.00	48.00
136.16	107.46	67.00	48.00
136.16	107.46	67.00	48.00
143.07	104.39	67.00	48.00
153.04	104.39	67.00	48.00
159.95	104.39	67.00	48.00
165.86	104.39	69.00	48.00
172.04	107.48	69.00	48.00
175.14	107.48	69.00	48.00
178.23	107.48	69.00	48.00
182.10	110.57	69.00	48.00
188.29	110.57	69.00	48.00
192.16	110.57	69.00	48.00
196.02	110.57	69.00	48.00
199.89	113.67	69.00	48.00
205.08	113.67	70.00	49.00
208.25	113.67	70.00	49.00
212.22	113.67	70.00	49.00
216.19	113.67	70.00	49.00
220.16	113.67	70.00	49.00
224.13	113.67	70.00	49.00
227.30	110.49	70.00	49.00
230.47	110.49	70.00	49.00
233.65	109.49	71.00	50.00
233.65	112.69	71.00	50.00
233.65	109.49	71.00	50.00
236.85	112.69	71.00	50.00
236.85	109.49	71.00	50.00
236.85	109.49	71.00	50.00
236.85	109.49	71.00	50.00
236.85	109.49	71.00	50.00
236.85	109.49	71.00	50.00
236.85	109.49	71.00	50.00
236.85	109.49	71.00	50.00
233.65	112.69	71.00	50.00
229.65	109.49	71.00	50.00
223.24	109.49	71.00	50.00
219.24	109.49	71.00	50.00
215.24	109.49	71.00	50.00
212.04	106.29	71.00	50.00
212.04	106.29	71.00	50.00
215.24	106.29	71.00	50.00
215.24	109.49	71.00	50.00
212.04	112.69	71.00	50.00
208.04	109.49	71.00	50.00
204.04	109.49	71.00	50.00
196.84	109.49	71.00	50.00
190.43	109.49	71.00	50.00
183.23	106.29	71.00	50.00
179.23	106.29	71.00	50.00
175.23	106.29	71.00	50.00
171.23	106.29	71.00	50.00
167.23	106.29	71.00	50.00
163.22	106.29	71.00	50.00
159.22	106.29	71.00	50.00
155.22	106.29	71.00	50.00
151.22	103.09	71.00	50.00
148.02	103.09	71.00	50.00
144.82	103.09	71.00	50.00
141.62	103.09	71.00	50.00
138.42	103.09	71.00	50.00
135.21	103.09	71.00	50.00
132.01	106.29	71.00	50.00
132.01	106.29	71.00	50.00
128.81	106.29	71.00	50.00
128.81	109.49	71.00	50.00
125.61	109.49	71.00	50.00
125.61	112.69	71.00	50.00
122.41	112.69	71.00	50.00
119.21	112.69	71.00	50.00
119.21	109.49	71.00	50.00
116.01	109.49	71.00	50.00
112.81	109.49	71.00	50.00
112.81	109.49	71.00	50.00
109.61	109.49	71.00	50.00
109.61	109.49	71.00	50.00
109.61	109.49	71.00	50.00
109.61	106.29	71.00	50.00
109.61	106.29	71.00	50.00
112.81	106.29	71.00	50.00
112.81	106.29	71.00	50.00
112.81	109.49	71.00	50.00
112.81	113.49	71.00	50.00
112.81	117.50	71.00	50.00
111.81	121.50	73.00	51.00
111.81	121.50	73.00	51.00
107.51	122.97	74.00	52.00
107.51	121.31	74.00	52.00
107.51	117.16	74.00	52.00
107.51	109.69	74.00	52.00
107.51	102.22	74.00	52.00
107.51	98.89	74.00	52.00
108.51	92.42	73.00	51.00
111.81	89.13	73.00	51.00
111.81	89.13	73.00	51.00
115.92	89.13	73.00	51.00
119.22	89.13	73.00	51.00
122.51	93.25	73.00	51.00
122.51	100.66	73.00	51.00
121.51	107.07	74.00	52.00
117.19	114.54	76.00	53.00
117.19	116.95	77.00	55.00
117.19	116.95	77.00	55.00
116.19	115.95	79.00	56.00
116.19	112.35	79.00	56.00
112.59	112.35	79.00	56.00
112.59	107.85	79.00	56.00
112.59	104.25	79.00	56.00
112.59	99.75	79.00	56.00
112.59	92.55	79.00	56.00
112.59	88.95	79.00	56.00
112.59	85.35	79.00	56.00
115.19	85.35	80.00	57.00
115.19	85.35	80.00	57.00
118.82	88.98	80.00	57.00
118.82	97.14	80.00	57.00
123.35	101.67	80.00	57.00
126.98	105.30	80.00	57.00
126.98	105.30	80.00	57.00
130.61	105.30	80.00	57.00
130.61	101.67	80.00	57.00
130.61	98.04	80.00	57.00
130.61	93.51	80.00	57.00
130.61	89.88	80.00	57.00
129.61	88.88	82.00	58.00
125.89	85.16	82.00	58.00
125.89	85.16	82.00	58.00
125.89	81.44	82.00	58.00
124.89	81.44	84.00	59.00
124.89	81.44	84.00	59.00
124.89	76.68	84.00	59.00
124.89	72.87	84.00	59.00
124.89	72.87	84.00	59.00
124.89	76.68	84.00	59.00
124.89	76.68	84.00	59.00
128.70	81.44	84.00	59.00
128.70	90.02	84.00	59.00
128.70	97.65	84.00	59.00
132.51	101.41	85.00	60.00
131.51	105.25	87.00	61.00
127.58	105.25	87.00	61.00
127.58	105.25	87.00	61.00
126.58	99.34	89.00	63.00
126.58	95.30	89.00	63.00
126.58	91.26	89.00	63.00
126.58	87.22	89.00	63.00
126.58	87.22	89.00	63.00
129.62	81.17	91.00	64.00
129.62	76.01	91.00	64.00
129.62	76.01	91.00	64.00
130.62	77.01	89.00	63.00
130.62	81.05	89.00	63.00
130.62	86.10	89.00	63.00
129.62	98.22	91.00	64.00
128.62	111.65	92.00	65.00
124.46	121.00	92.00	65.00
124.50	125.20	94.00	67.00
123.50	124.20	96.00	68.00
123.50	119.84	96.00	68.00
119.14	114.39	96.00	68.00
119.14	104.59	96.00	68.00
119.14	94.79	96.00	68.00
119.14	89.34	96.00	68.00
119.14	79.54	96.00	68.00
119.14	75.18	96.00	68.00
119.14	75.18	96.00	68.00
119.14	75.18	96.00	68.00
119.14	80.62	96.00	68.00
114.78	90.43	96.00	68.00
113.78	100.23	98.00	69.00
108.33	113.69	100.00	71.00
107.33	122.95	102.00	72.00
106.33	128.69	104.00	73.00
105.33	127.69	106.00	75.00
100.54	121.70	106.00	75.00
100.54	110.91	106.00	75.00
95.74	100.12	106.00	75.00
95.74	89.33	106.00	75.00
95.74	78.54	106.00	75.00
95.74	73.74	106.00	75.00
90.95	73.74	106.00	75.00
90.95	78.54	106.00	75.00
89.95	83.53	108.00	76.00
88.95	93.53	110.00	78.00
87.95	109.77	113.00	79.00
86.95	118.97	115.00	81.00
86.95	118.97	115.00	81.00
81.74	118.97	115.00	81.00
81.74	107.25	115.00	81.00
81.74	95.53	115.00	81.00
81.74	83.82	115.00	81.00
86.95	72.10	115.00	81.00
86.95	60.39	115.00	81.00
86.95	55.18	115.00	81.00
86.95	49.97	115.00	81.00
82.74	50.97	113.00	79.00
82.74	56.07	113.00	79.00
82.74	61.17	113.00	79.00
81.74	71.65	115.00	81.00
76.53	83.36	115.00	81.00
76.53	100.29	115.00	81.00
75.53	109.70	117.00	83.00
73.53	115.34	120.00	84.00
68.11	115.34	120.00	84.00
68.11	109.92	120.00	84.00
68.11	103.15	120.00	84.00
68.11	90.96	120.00	84.00
68.11	78.77	120.00	84.00
68.11	66.57	120.00	84.00
68.11	59.80	120.00	84.00
73.53	53.03	120.00	84.00
68.11	53.03	120.00	84.00
68.11	53.03	120.00	84.00
68.11	63.86	120.00	84.00
67.11	75.06	122.00	86.00
66.11	92.02	124.00	88.00
65.11	103.69	127.00	90.00
64.11	122.38	129.00	91.00
58.27	129.69	129.00	91.00
56.27	128.69	132.00	93.00
56.27	122.73	132.00	93.00
56.27	115.27	132.00	93.00
56.27	101.85	132.00	93.00
61.23	81.47	135.00	95.00
61.23	69.30	135.00	95.00
67.32	63.22	135.00	95.00
67.32	57.14	135.00	95.00
67.32	57.14	135.00	95.00
67.32	57.14	135.00	95.00
66.32	69.82	137.00	97.00
66.32	83.75	137.00	97.00
64.32	96.68	140.00	99.00
63.32	110.00	143.00	101.00
61.32	123.58	146.00	103.00
60.32	122.58	149.00	105.00
58.32	121.58	152.00	107.00
58.32	106.07	152.00	107.00
58.32	90.56	152.00	107.00
60.32	76.05	149.00	105.00
65.04	59.93	152.00	107.00
65.04	51.31	152.00	107.00
67.04	43.69	149.00	105.00
67.04	36.97	149.00	105.00
67.04	43.69	149.00	105.00
67.04	50.41	149.00	105.00
65.04	64.53	152.00	107.00
60.14	81.05	149.00	105.00
60.14	96.17	149.00	105.00
60.14	102.89	149.00	105.00
58.14	108.61	152.00	107.00
52.97	99.99	152.00	107.00
52.97	91.38	152.00	107.00
54.97	76.86	149.00	105.00
55.97	62.74	146.00	103.00
62.58	47.89	146.00	103.00
62.58	39.64	146.00	103.00
64.58	32.38	143.00	101.00
64.58	25.90	143.00	101.00
64.58	32.38	143.00	101.00
64.58	38.87	143.00	101.00
62.58	50.83	146.00	103.00
62.58	65.69	146.00	103.00
61.58	86.14	149.00	105.00
59.58	100.26	152.00	107.00
59.58	114.05	152.00	107.00
58.58	113.05	155.00	109.00
58.58	113.05	155.00	109.00
58.58	104.32	155.00	109.00
58.58	88.61	155.00	109.00
58.58	79.88	155.00	109.00
60.32	64.16	155.00	109.00
60.32	57.18	155.00	109.00
60.32	50.19	155.00	109.00
60.32	50.19	155.00	109.00
65.31	56.18	158.00	111.00
64.31	70.03	161.00	114.00
62.31	83.26	164.00	116.00
62.31	99.40	164.00	116.00
62.31	106.57	164.00	116.00
62.31	106.57	164.00	116.00
57.13	98.60	161.00	114.00
58.13	91.71	158.00	111.00
60.13	78.62	155.00	109.00
65.12	70.64	158.00	111.00
65.12	61.83	158.00	111.00
65.12	54.79	158.00	111.00
67.12	55.79	155.00	109.00
67.12	64.52	155.00	109.00
67.12	80.23	155.00	109.00
65.12	94.94	158.00	111.00
60.07	111.80	155.00	109.00
60.07	118.78	155.00	109.00
60.07	111.80	155.00	109.00
61.07	104.07	152.00	107.00
63.07	89.55	149.00	105.00
69.79	81.15	149.00	105.00
70.79	67.03	146.00	103.00
77.40	52.18	146.00	103.00
84.00	43.92	146.00	103.00
86.00	38.32	143.00	101.00
87.00	39.32	140.00	99.00
93.36	47.28	140.00	99.00
93.36	60.00	140.00	99.00
93.36	67.96	140.00	99.00
93.36	80.68	140.00	99.00
95.36	81.68	137.00	97.00
101.55	81.68	137.00	97.00
101.55	75.49	137.00	97.00
102.55	68.75	135.00	95.00
108.63	55.07	135.00	95.00
109.63	43.90	132.00	93.00
117.60	38.94	129.00	91.00
118.60	33.09	127.00	90.00
124.35	33.09	127.00	90.00
125.35	45.60	124.00	88.00
125.35	52.64	124.00	88.00
126.35	71.94	122.00	86.00
126.35	89.90	122.00	86.00
126.35	102.34	122.00	86.00
126.35	109.24	122.00	86.00
126.35	109.24	122.00	86.00
126.35	103.72	122.00	86.00
127.35	92.28	120.00	84.00
132.77	80.09	120.00	84.00
138.19	62.48	120.00	84.00
138.19	51.64	120.00	84.00
143.61	40.81	120.00	84.00
145.61	36.39	117.00	83.00
146.61	37.39	115.00	81.00
146.61	37.39	115.00	81.00
149.21	49.10	115.00	81.00
149.21	60.82	115.00	81.00
149.21	77.74	115.00	81.00
154.42	94.66	115.00	81.00
154.42	106.38	115.00	81.00
154.42	112.89	115.00	81.00
154.42	112.89	115.00	81.00
154.42	106.38	115.00	81.00
155.42	95.66	113.00	79.00
156.42	79.09	110.00	78.00
161.41	62.86	110.00	78.00
161.41	51.62	110.00	78.00
162.41	41.38	108.00	76.00
168.30	37.49	106.00	75.00
168.30	37.49	106.00	75.00
168.30	37.49	106.00	75.00
169.30	44.48	104.00	73.00
164.61	55.03	104.00	73.00
164.61	70.27	104.00	73.00
164.61	85.51	104.00	73.00
164.61	96.06	104.00	73.00
164.61	106.61	104.00	73.00
164.61	111.29	104.00	73.00
164.61	106.61	104.00	73.00
164.61	101.92	104.00	73.00
164.61	91.37	104.00	73.00
164.61	80.82	104.00	73.00
164.61	70.27	104.00	73.00
164.61	59.72	104.00	73.00
165.61	55.03	102.00	72.00
165.61	50.44	102.00	72.00
166.61	51.44	100.00	71.00
166.61	51.44	100.00	71.00
163.05	58.13	98.00	69.00
164.05	67.03	96.00	68.00
165.05	77.84	94.00	67.00
165.05	87.43	94.00	67.00
165.05	97.03	94.00	67.00
165.05	101.29	94.00	67.00
165.05	101.29	94.00	67.00
165.05	95.96	94.00	67.00
165.05	87.43	94.00	67.00
165.05	77.84	94.00	67.00
165.05	72.51	94.00	67.00
165.05	62.91	94.00	67.00
165.05	62.91	94.00	67.00
165.05	62.91	94.00	67.00
165.05	67.17	94.00	67.00
165.05	72.51	94.00	67.00
166.05	87.37	92.00	65.00
166.05	96.72	92.00	65.00
166.05	106.08	92.00	65.00
166.05	111.27	92.00	65.00
166.05	111.27	92.00	65.00
167.05	107.12	91.00	64.00
168.05	102.95	89.00	63.00
169.05	95.87	87.00	61.00
173.99	90.96	85.00	60.00
177.83	82.32	85.00	60.00
177.83	79.48	84.00	59.00
181.64	75.67	84.00	59.00
181.64	75.67	84.00	59.00
182.64	79.48	82.00	58.00
183.64	84.20	80.00	57.00
184.64	88.74	79.00	56.00
184.64	96.84	79.00	56.00
188.24	104.94	79.00	56.00
188.24	108.54	79.00	56.00
184.64	108.54	79.00	56.00
184.64	104.04	79.00	56.00
185.64	96.94	77.00	55.00
185.64	93.55	76.00	53.00
186.64	85.87	74.00	52.00
187.64	82.72	73.00	51.00
187.64	79.43	73.00	51.00
190.93	79.43	73.00	51.00
191.93	82.72	71.00	50.00
191.93	86.73	71.00	50.00
191.93	94.93	70.00	49.00
191.93	102.07	70.00	49.00
191.93	102.07	70.00	49.00
191.93	105.24	70.00	49.00
188.76	102.07	70.00	49.00
189.76	98.10	69.00	48.00
190.76	94.23	67.00	48.00
190.76	91.40	66.00	47.00
188.77	88.41	65.00	46.00
188.77	88.41	65.00	46.00
185.80	91.37	65.00	46.00
183.10	92.37	63.00	45.00
176.64	95.24	63.00	45.00
176.64	95.24	62.00	44.00
173.85	98.03	62.00	44.00
177.34	100.82	62.00	44.00
183.62	103.61	62.00	44.00
189.90	103.61	62.00	44.00
196.17	103.61	62.00	44.00
205.24	106.40	62.00	44.00
211.52	106.40	62.00	44.00
217.79	106.40	62.00	44.00
224.07	109.19	62.00	44.00
230.35	109.19	62.00	44.00
236.62	111.98	62.00	44.00
239.41	111.98	62.00	44.00
242.20	114.77	62.00	44.00
242.20	114.77	62.00	44.00
242.20	114.77	62.00	44.00
239.41	114.77	62.00	44.00
239.41	114.77	62.00	44.00
233.83	114.77	62.00	44.00
231.04	114.77	62.00	44.00
227.56	114.77	62.00	44.00
221.28	111.98	62.00	44.00
218.49	111.98	62.00	44.00
212.91	111.98	62.00	44.00
209.42	109.19	62.00	44.00
203.15	109.19	62.00	44.00
199.66	109.19	62.00	44.00
193.38	106.40	62.00	44.00
189.90	106.40	62.00	44.00
184.62	104.61	61.00	43.00
181.16	101.85	60.00	42.00
175.80	101.85	60.00	42.00
172.45	99.16	60.00	42.00
169.09	99.16	60.00	42.00
166.41	96.48	60.00	42.00
163.73	96.48	60.00	42.00
163.73	96.48	60.00	42.00
161.05	96.48	60.00	42.00
161.05	96.48	60.00	42.00
161.05	96.48	60.00	42.00
161.05	96.48	60.00	42.00
161.05	96.48	60.00	42.00
158.36	96.48	60.00	42.00
158.36	96.48	60.00	42.00
158.36	96.48	60.00	42.00
159.36	97.48	59.00	41.00
160.36	97.48	57.00	41.00
162.94	97.48	57.00	41.00
161.94	100.06	59.00	41.00
164.60	100.06	59.00	41.00
165.60	100.06	57.00	41.00
168.17	102.64	57.00	41.00
168.17	102.64	57.00	41.00
170.75	105.22	57.00	41.00
170.75	105.22	57.00	41.00
173.33	107.79	57.00	41.00
175.91	110.37	57.00	41.00
178.49	112.95	57.00	41.00
178.49	112.95	57.00	41.00
181.71	115.53	57.00	41.00
184.29	115.53	56.00	40.00
186.84	118.08	56.00	40.00
186.84	120.63	56.00	40.00
190.39	121.63	55.00	39.00
192.86	124.10	55.00	39.00
192.86	124.10	54.00	38.00
195.91	126.54	54.00	38.00
198.36	126.54	54.00	38.00
201.80	129.99	53.00	37.00
204.17	132.35	53.00	37.00
204.17	132.35	53.00	37.00
206.53	132.35	52.00	37.00
206.53	132.35	52.00	37.00
209.88	130.00	51.00	36.00
212.21	130.00	51.00	36.00
212.21	128.68	50.00	35.00
217.69	128.68	49.00	35.00
217.69	128.68	49.00	35.00
219.93	126.44	49.00	35.00
222.16	126.44	49.00	35.00
222.16	126.44	49.00	35.00
224.39	126.44	49.00	35.00
224.39	128.68	48.00	34.00
227.54	129.68	47.00	33.00
227.54	129.68	47.00	33.00
227.54	131.80	47.00	33.00
227.54	131.80	46.00	33.00
228.54	131.80	45.00	32.00
230.58	133.83	45.00	32.00
230.58	133.83	45.00	32.00
232.61	131.80	45.00	32.00
232.61	131.80	45.00	32.00
232.61	131.80	45.00	32.00
232.61	129.77	45.00	32.00
230.58	130.77	44.00	31.00
232.58	130.77	44.00	31.00
232.58	128.26	44.00	31.00
234.59	125.75	44.00	31.00
234.59	123.75	44.00	31.00
234.59	123.75	44.00	31.00
234.59	123.75	44.00	31.00
234.59	121.74	44.00	31.00
234.59	121.74	44.00	31.00
234.59	121.74	44.00	31.00
234.59	123.75	44.00	31.00
234.59	123.75	44.00	31.00
233.58	123.75	43.00	30.00
233.58	123.75	42.00	30.00
232.67	124.75	41.00	29.00
232.67	126.58	41.00	29.00
234.50	126.58	41.00	29.00
234.50	126.58	41.00	29.00
236.79	126.58	41.00	29.00
238.63	126.58	41.00	29.00
238.63	126.58	41.00	29.00
236.79	126.58	41.00	29.00
234.50	126.58	41.00	29.00
230.38	126.58	41.00	29.00
226.25	126.58	40.00	28.00
222.64	126.58	40.00	28.00
219.58	124.77	39.00	28.00
217.33	124.77	39.00	28.00
213.30	124.77	39.00	28.00
211.50	124.77	39.00	28.00
209.71	124.77	39.00	28.00
207.91	124.77	39.00	28.00
207.91	124.77	39.00	28.00
206.12	124.77	39.00	28.00
206.12	124.77	39.00	28.00
204.33	124.77	39.00	28.00
206.12	124.77	39.00	28.00
206.12	124.77	39.00	28.00
206.12	124.77	39.00	28.00
206.12	124.77	39.00	28.00
206.12	124.77	39.00	28.00
207.91	124.77	39.00	28.00
209.71	124.77	39.00	28.00
209.71	124.77	39.00	28.00
209.71	124.77	39.00	28.00
209.71	122.98	39.00	28.00
209.71	124.77	39.00	28.00
211.95	124.77	39.00	28.00
214.19	126.57	39.00	28.00
214.19	128.36	39.00	28.00
215.99	132.40	39.00	28.00
216.78	134.64	40.00	28.00
214.98	136.45	40.00	28.00
214.98	140.06	40.00	28.00
214.98	140.06	40.00	28.00
213.17	141.87	40.00	28.00
213.17	141.87	40.00	28.00
213.17	141.87	40.00	28.00
214.98	141.87	40.00	28.00
216.78	141.87	40.00	28.00
218.59	141.87	40.00	28.00
218.59	141.87	40.00	28.00
220.39	141.87	41.00	29.00
221.23	142.70	42.00	30.00
223.14	140.79	43.00	30.00
223.14	140.79	43.00	30.00
223.14	140.79	43.00	30.00
225.07	140.79	43.00	30.00
226.99	140.79	43.00	30.00
228.40	143.19	44.00	31.00
230.40	147.71	44.00	31.00
228.40	152.22	44.00	31.00
224.39	161.25	44.00	31.00
219.87	174.79	44.00	31.00
