118.00	57.00	82.00	98.00
118.00	57.00	82.00	98.00
118.00	57.00	82.00	98.00
119.00	58.00	80.00	96.00
119.00	58.00	80.00	96.00
119.00	58.00	80.00	96.00
119.00	58.00	80.00	96.00
119.00	58.00	80.00	96.00
123.69	58.00	80.00	96.00
123.69	58.00	80.00	96.00
123.69	53.31	80.00	96.00
123.69	53.31	80.00	96.00
123.69	53.31	80.00	96.00
123.69	53.31	80.00	96.00
123.69	53.31	80.00	96.00
123.69	53.31	80.00	96.00
123.69	53.31	80.00	96.00
122.69	52.31	82.00	98.00
117.89	52.31	82.00	98.00
118.89	53.31	80.00	96.00
118.89	53.31	80.00	96.00
118.89	53.31	80.00	96.00
118.89	53.31	80.00	96.00
118.89	53.31	80.00	96.00
114.20	53.31	80.00	96.00
114.20	53.31	80.00	96.00
114.20	53.31	80.00	96.00
114.20	53.31	80.00	96.00
114.20	53.31	80.00	96.00
115.20	59.00	79.00	94.00
115.20	59.00	79.00	94.00
110.61	59.00	79.00	94.00
109.61	53.40	80.00	96.00
110.61	59.09	79.00	94.00
110.61	54.50	79.00	94.00
105.01	53.50	80.00	96.00
105.01	53.50	80.00	96.00
105.01	53.50	80.00	96.00
105.01	58.19	80.00	96.00
105.01	58.19	80.00	96.00
105.01	58.19	80.00	96.00
105.01	58.19	80.00	96.00
105.01	58.19	80.00	96.00
105.01	58.19	80.00	96.00
105.01	58.19	80.00	96.00
100.32	58.19	80.00	96.00
100.32	58.19	80.00	96.00
100.32	58.19	80.00	96.00
100.32	58.19	80.00	96.00
100.32	58.19	80.00	96.00
100.32	58.19	80.00	96.00
104.01	52.50	82.00	98.00
104.01	52.50	82.00	98.00
104.01	52.50	82.00	98.00
104.01	52.50	82.00	98.00
104.01	52.50	82.00	98.00
104.01	52.50	82.00	98.00
104.01	52.50	82.00	98.00
104.01	52.50	82.00	98.00
105.01	53.50	80.00	96.00
105.01	53.50	80.00	96.00
105.01	53.50	80.00	96.00
109.70	53.50	80.00	96.00
114.39	53.50	80.00	96.00
118.08	47.81	82.00	98.00
118.08	47.81	82.00	98.00
122.87	47.81	82.00	98.00
122.87	47.81	82.00	98.00
122.87	43.01	82.00	98.00
122.87	43.01	82.00	98.00
127.67	43.01	82.00	98.00
127.67	47.81	82.00	98.00
128.67	48.81	80.00	96.00
128.67	48.81	80.00	96.00
128.67	48.81	80.00	96.00
128.67	53.50	80.00	96.00
128.67	53.50	80.00	96.00
128.67	53.50	80.00	96.00
128.67	53.50	80.00	96.00
128.67	53.50	80.00	96.00
128.67	53.50	80.00	96.00
128.67	53.50	80.00	96.00
123.98	53.50	80.00	96.00
123.98	53.50	80.00	96.00
123.98	53.50	80.00	96.00
123.98	53.50	80.00	96.00
123.98	53.50	80.00	96.00
123.98	53.50	80.00	96.00
123.98	53.50	80.00	96.00
123.98	53.50	80.00	96.00
123.98	53.50	80.00	96.00
123.98	53.50	80.00	96.00
119.29	53.50	80.00	96.00
123.98	53.50	80.00	96.00
123.98	53.50	80.00	96.00
123.98	53.50	80.00	96.00
123.98	53.50	80.00	96.00
120.29	54.50	79.00	94.00
120.29	54.50	79.00	94.00
120.29	54.50	79.00	94.00
120.29	54.50	79.00	94.00
120.29	54.50	79.00	94.00
120.29	54.50	79.00	94.00
120.29	54.50	79.00	94.00
124.89	54.50	79.00	94.00
125.89	55.50	77.00	92.00
125.89	55.50	77.00	92.00
130.38	55.50	77.00	92.00
130.38	55.50	77.00	92.00
130.38	55.50	77.00	92.00
130.38	55.50	77.00	92.00
130.38	55.50	77.00	92.00
130.38	55.50	77.00	92.00
130.38	55.50	77.00	92.00
130.38	55.50	77.00	92.00
130.38	55.50	77.00	92.00
130.38	55.50	77.00	92.00
130.38	55.50	77.00	92.00
125.89	55.50	77.00	92.00
125.89	55.50	77.00	92.00
125.89	55.50	77.00	92.00
125.89	55.50	77.00	92.00
125.89	55.50	77.00	92.00
125.89	55.50	77.00	92.00
125.89	55.50	77.00	92.00
125.89	55.50	77.00	92.00
125.89	55.50	77.00	92.00
125.89	55.50	77.00	92.00
125.89	55.50	77.00	92.00
125.89	55.50	77.00	92.00
125.89	55.50	77.00	92.00
125.89	55.50	77.00	92.00
125.89	55.50	77.00	92.00
125.89	55.50	77.00	92.00
125.89	55.50	77.00	92.00
130.38	55.50	77.00	92.00
129.38	54.50	79.00	94.00
129.38	54.50	79.00	94.00
129.38	54.50	79.00	94.00
129.38	54.50	79.00	94.00
129.38	54.50	79.00	94.00
129.38	54.50	79.00	94.00
129.38	54.50	79.00	94.00
129.38	54.50	79.00	94.00
129.38	54.50	79.00	94.00
129.38	54.50	79.00	94.00
129.38	54.50	79.00	94.00
129.38	54.50	79.00	94.00
129.38	54.50	79.00	94.00
129.38	54.50	79.00	94.00
129.38	54.50	79.00	94.00
129.38	54.50	79.00	94.00
129.38	54.50	79.00	94.00
129.38	54.50	79.00	94.00
129.38	54.50	79.00	94.00
129.38	54.50	79.00	94.00
124.78	54.50	79.00	94.00
129.38	54.50	79.00	94.00
124.78	54.50	79.00	94.00
124.78	54.50	79.00	94.00
124.78	54.50	79.00	94.00
124.78	54.50	79.00	94.00
124.78	54.50	79.00	94.00
124.78	54.50	79.00	94.00
124.78	54.50	79.00	94.00
124.78	54.50	79.00	94.00
124.78	54.50	79.00	94.00
124.78	54.50	79.00	94.00
124.78	54.50	79.00	94.00
124.78	54.50	79.00	94.00
124.78	54.50	79.00	94.00
124.78	54.50	79.00	94.00
124.78	54.50	79.00	94.00
124.78	54.50	79.00	94.00
124.78	54.50	79.00	94.00
124.78	54.50	79.00	94.00
124.78	54.50	79.00	94.00
124.78	54.50	79.00	94.00
124.78	54.50	79.00	94.00
124.78	54.50	79.00	94.00
124.78	54.50	79.00	94.00
124.78	54.50	79.00	94.00
124.78	54.50	79.00	94.00
124.78	54.50	79.00	94.00
124.78	54.50	79.00	94.00
124.78	54.50	79.00	94.00
124.78	54.50	79.00	94.00
124.78	54.50	79.00	94.00
124.78	54.50	79.00	94.00
124.78	54.50	79.00	94.00
124.78	54.50	79.00	94.00
124.78	54.50	79.00	94.00
124.78	54.50	79.00	94.00
124.78	54.50	79.00	94.00
124.78	54.50	79.00	94.00
124.78	54.50	79.00	94.00
124.78	54.50	79.00	94.00
124.78	54.50	79.00	94.00
124.78	54.50	79.00	94.00
124.78	54.50	79.00	94.00
124.78	54.50	79.00	94.00
124.78	54.50	79.00	94.00
124.78	54.50	79.00	94.00
124.78	54.50	79.00	94.00
124.78	54.50	79.00	94.00
124.78	54.50	79.00	94.00
124.78	54.50	79.00	94.00
123.78	53.50	80.00	96.00
119.09	53.50	80.00	96.00
123.78	53.50	80.00	96.00
123.78	53.50	80.00	96.00
124.78	54.50	79.00	94.00
124.78	54.50	79.00	94.00
124.78	54.50	79.00	94.00
129.38	54.50	79.00	94.00
129.38	54.50	79.00	94.00
129.38	54.50	79.00	94.00
129.38	54.50	79.00	94.00
129.38	54.50	79.00	94.00
133.97	54.50	79.00	94.00
133.97	54.50	79.00	94.00
133.97	54.50	79.00	94.00
133.97	54.50	79.00	94.00
133.97	54.50	79.00	94.00
133.97	54.50	79.00	94.00
133.97	54.50	79.00	94.00
133.97	54.50	79.00	94.00
133.97	54.50	79.00	94.00
133.97	54.50	79.00	94.00
133.97	54.50	79.00	94.00
133.97	54.50	79.00	94.00
133.97	49.90	79.00	94.00
133.97	49.90	79.00	94.00
133.97	49.90	79.00	94.00
133.97	49.90	79.00	94.00
129.38	49.90	79.00	94.00
129.38	49.90	79.00	94.00
129.38	49.90	79.00	94.00
129.38	49.90	79.00	94.00
129.38	49.90	79.00	94.00
129.38	49.90	79.00	94.00
129.38	49.90	79.00	94.00
129.38	49.90	79.00	94.00
129.38	49.90	79.00	94.00
129.38	49.90	79.00	94.00
129.38	49.90	79.00	94.00
129.38	49.90	79.00	94.00
129.38	49.90	79.00	94.00
129.38	49.90	79.00	94.00
129.38	49.90	79.00	94.00
129.38	49.90	79.00	94.00
128.38	48.90	80.00	96.00
128.38	48.90	80.00	96.00
128.38	48.90	80.00	96.00
127.38	47.90	82.00	98.00
127.38	47.90	82.00	98.00
127.38	47.90	82.00	98.00
127.38	47.90	82.00	98.00
127.38	47.90	82.00	98.00
127.38	47.90	82.00	98.00
126.38	46.90	84.00	100.00
126.38	46.90	84.00	100.00
126.38	46.90	84.00	100.00
126.38	46.90	84.00	100.00
126.38	46.90	84.00	100.00
126.38	46.90	84.00	100.00
126.38	46.90	84.00	100.00
126.38	46.90	84.00	100.00
126.38	46.90	84.00	100.00
126.38	46.90	84.00	100.00
126.38	46.90	84.00	100.00
126.38	46.90	84.00	100.00
126.38	46.90	84.00	100.00
126.38	46.90	84.00	100.00
126.38	46.90	84.00	100.00
126.38	46.90	84.00	100.00
122.47	47.90	82.00	98.00
123.47	48.90	80.00	96.00
124.47	49.90	79.00	94.00
124.47	49.90	79.00	94.00
124.47	49.90	79.00	94.00
124.47	49.90	79.00	94.00
124.47	49.90	79.00	94.00
124.47	49.90	79.00	94.00
124.47	49.90	79.00	94.00
124.47	49.90	79.00	94.00
124.47	49.90	79.00	94.00
124.47	49.90	79.00	94.00
124.47	49.90	79.00	94.00
124.47	49.90	79.00	94.00
128.07	48.90	80.00	96.00
128.07	48.90	80.00	96.00
128.07	48.90	80.00	96.00
128.07	53.59	80.00	96.00
128.07	53.59	80.00	96.00
128.07	53.59	80.00	96.00
128.07	53.59	80.00	96.00
124.38	54.59	79.00	94.00
124.38	54.59	79.00	94.00
124.38	54.59	79.00	94.00
119.79	54.59	79.00	94.00
119.79	54.59	79.00	94.00
119.79	54.59	79.00	94.00
119.79	54.59	79.00	94.00
119.79	54.59	79.00	94.00
115.19	54.59	79.00	94.00
115.19	54.59	79.00	94.00
115.19	54.59	79.00	94.00
115.19	54.59	79.00	94.00
115.19	54.59	79.00	94.00
115.19	54.59	79.00	94.00
115.19	54.59	79.00	94.00
115.19	54.59	79.00	94.00
110.60	54.59	79.00	94.00
110.60	54.59	79.00	94.00
109.60	53.59	80.00	96.00
104.91	53.59	80.00	96.00
104.91	53.59	80.00	96.00
100.22	53.59	80.00	96.00
100.22	58.28	80.00	96.00
100.22	58.28	80.00	96.00
95.53	58.28	80.00	96.00
95.53	58.28	80.00	96.00
90.84	58.28	80.00	96.00
90.84	58.28	80.00	96.00
86.15	58.28	80.00	96.00
86.15	58.28	80.00	96.00
86.15	58.28	80.00	96.00
81.46	58.28	80.00	96.00
81.46	58.28	80.00	96.00
81.46	58.28	80.00	96.00
81.46	58.28	80.00	96.00
81.46	58.28	80.00	96.00
81.46	58.28	80.00	96.00
81.46	58.28	80.00	96.00
76.78	58.28	80.00	96.00
76.78	58.28	80.00	96.00
72.09	58.28	80.00	96.00
72.09	58.28	80.00	96.00
67.40	58.28	80.00	96.00
67.40	58.28	80.00	96.00
67.40	58.28	80.00	96.00
67.40	58.28	80.00	96.00
67.40	58.28	80.00	96.00
67.40	58.28	80.00	96.00
67.40	58.28	80.00	96.00
67.40	58.28	80.00	96.00
67.40	58.28	80.00	96.00
67.40	58.28	80.00	96.00
67.40	58.28	80.00	96.00
67.40	58.28	80.00	96.00
67.40	58.28	80.00	96.00
67.40	58.28	80.00	96.00
72.09	58.28	80.00	96.00
72.09	58.28	80.00	96.00
72.09	58.28	80.00	96.00
72.09	58.28	80.00	96.00
72.09	58.28	80.00	96.00
72.09	58.28	80.00	96.00
72.09	53.59	80.00	96.00
72.09	53.59	80.00	96.00
76.78	53.59	80.00	96.00
76.78	53.59	80.00	96.00
81.46	48.90	80.00	96.00
86.15	48.90	80.00	96.00
86.15	48.90	80.00	96.00
92.01	48.90	80.00	96.00
96.70	48.90	80.00	96.00
101.39	48.90	80.00	96.00
106.08	48.90	80.00	96.00
106.08	48.90	80.00	96.00
110.77	44.21	80.00	96.00
110.77	44.21	80.00	96.00
110.77	44.21	80.00	96.00
115.46	44.21	80.00	96.00
115.46	44.21	80.00	96.00
120.14	44.21	80.00	96.00
124.83	44.21	80.00	96.00
129.52	44.21	80.00	96.00
134.21	44.21	80.00	96.00
140.07	44.21	80.00	96.00
140.07	44.21	80.00	96.00
140.07	44.21	80.00	96.00
140.07	44.21	80.00	96.00
140.07	44.21	80.00	96.00
135.38	44.21	80.00	96.00
130.69	44.21	80.00	96.00
124.83	44.21	80.00	96.00
115.46	44.21	80.00	96.00
110.77	48.90	80.00	96.00
100.22	48.90	80.00	96.00
95.53	48.90	80.00	96.00
89.67	48.90	80.00	96.00
83.81	48.90	80.00	96.00
79.12	48.90	80.00	96.00
73.43	47.90	82.00	98.00
73.43	47.90	82.00	98.00
68.64	52.70	82.00	98.00
68.64	52.70	82.00	98.00
68.64	52.70	82.00	98.00
68.64	52.70	82.00	98.00
63.84	52.70	82.00	98.00
63.84	52.70	82.00	98.00
64.84	58.49	80.00	96.00
60.15	58.49	80.00	96.00
60.15	58.49	80.00	96.00
60.15	58.49	80.00	96.00
60.15	58.49	80.00	96.00
60.15	58.49	80.00	96.00
54.46	57.49	82.00	98.00
54.46	57.49	82.00	98.00
54.46	62.29	82.00	98.00
54.46	62.29	82.00	98.00
54.46	62.29	82.00	98.00
54.46	62.29	82.00	98.00
48.67	61.29	84.00	100.00
48.67	61.29	84.00	100.00
48.67	61.29	84.00	100.00
48.67	61.29	84.00	100.00
48.67	61.29	84.00	100.00
48.67	61.29	84.00	100.00
48.67	61.29	84.00	100.00
48.67	61.29	84.00	100.00
48.67	60.29	85.00	102.00
53.66	61.29	84.00	100.00
53.66	61.29	84.00	100.00
53.66	61.29	84.00	100.00
53.66	61.29	84.00	100.00
59.57	62.29	82.00	98.00
59.57	62.29	82.00	98.00
59.57	62.29	82.00	98.00
59.57	62.29	82.00	98.00
59.57	62.29	82.00	98.00
59.57	62.29	82.00	98.00
59.57	62.29	82.00	98.00
59.57	62.29	82.00	98.00
59.57	62.29	82.00	98.00
59.57	62.29	82.00	98.00
59.57	62.29	82.00	98.00
59.57	62.29	82.00	98.00
59.57	62.29	82.00	98.00
59.57	62.29	82.00	98.00
59.57	62.29	82.00	98.00
53.77	61.29	84.00	100.00
53.77	61.29	84.00	100.00
53.77	61.29	84.00	100.00
53.77	61.29	84.00	100.00
53.77	61.29	84.00	100.00
53.77	61.29	84.00	100.00
53.77	61.29	84.00	100.00
53.77	61.29	84.00	100.00
53.77	61.29	84.00	100.00
53.77	61.29	84.00	100.00
53.77	61.29	84.00	100.00
53.77	61.29	84.00	100.00
53.77	61.29	84.00	100.00
53.77	61.29	84.00	100.00
53.77	61.29	84.00	100.00
53.77	61.29	84.00	100.00
54.77	62.29	82.00	98.00
54.77	62.29	82.00	98.00
54.77	62.29	82.00	98.00
54.77	65.88	82.00	98.00
54.77	65.88	82.00	98.00
54.77	65.88	82.00	98.00
54.77	65.88	82.00	98.00
54.77	65.88	82.00	98.00
54.77	65.88	82.00	98.00
54.77	65.88	82.00	98.00
54.77	65.88	82.00	98.00
54.77	65.88	82.00	98.00
54.77	65.88	82.00	98.00
54.77	65.88	82.00	98.00
54.77	65.88	82.00	98.00
54.77	65.88	82.00	98.00
54.77	65.88	82.00	98.00
54.77	65.88	82.00	98.00
54.77	65.88	82.00	98.00
54.77	65.88	82.00	98.00
54.77	65.88	82.00	98.00
52.37	65.88	82.00	98.00
52.37	70.68	82.00	98.00
52.37	70.68	82.00	98.00
52.37	70.68	82.00	98.00
52.37	70.68	82.00	98.00
52.37	70.68	82.00	98.00
52.37	70.68	82.00	98.00
52.37	70.68	82.00	98.00
52.37	70.68	82.00	98.00
52.37	70.68	82.00	98.00
52.37	70.68	82.00	98.00
52.37	70.68	82.00	98.00
52.37	70.68	82.00	98.00
52.37	70.68	82.00	98.00
52.37	70.68	82.00	98.00
52.37	70.68	82.00	98.00
52.37	70.68	82.00	98.00
52.37	70.68	82.00	98.00
52.37	70.68	82.00	98.00
51.37	69.68	84.00	100.00
51.37	63.78	85.00	102.00
50.37	62.78	87.00	104.00
50.37	62.78	87.00	104.00
56.47	63.78	85.00	102.00
56.47	63.78	85.00	102.00
56.47	63.78	85.00	102.00
56.47	63.78	85.00	102.00
61.47	64.78	84.00	100.00
62.47	65.78	82.00	98.00
62.47	65.78	82.00	98.00
62.47	65.78	82.00	98.00
68.26	66.78	80.00	96.00
68.26	66.78	80.00	96.00
68.26	66.78	80.00	96.00
68.26	66.78	80.00	96.00
72.95	66.78	80.00	96.00
72.95	66.78	80.00	96.00
71.95	61.09	82.00	98.00
77.75	66.88	80.00	96.00
77.75	66.88	80.00	96.00
77.75	62.20	80.00	96.00
77.75	62.20	80.00	96.00
77.75	62.20	80.00	96.00
83.44	63.20	79.00	94.00
83.44	63.20	79.00	94.00
83.44	63.20	79.00	94.00
89.03	64.20	77.00	92.00
89.03	64.20	77.00	92.00
89.03	64.20	77.00	92.00
93.52	64.20	77.00	92.00
93.52	64.20	77.00	92.00
98.01	68.68	77.00	92.00
98.01	68.68	77.00	92.00
102.50	68.68	77.00	92.00
102.50	68.68	77.00	92.00
102.50	68.68	77.00	92.00
102.50	68.68	77.00	92.00
102.50	64.20	77.00	92.00
106.99	68.68	77.00	92.00
106.99	68.68	77.00	92.00
106.99	68.68	77.00	92.00
106.99	68.68	77.00	92.00
111.48	68.68	77.00	92.00
111.48	68.68	77.00	92.00
111.48	68.68	77.00	92.00
111.48	68.68	77.00	92.00
111.48	68.68	77.00	92.00
111.48	68.68	77.00	92.00
115.97	68.68	77.00	92.00
115.97	68.68	77.00	92.00
115.97	68.68	77.00	92.00
120.45	68.68	77.00	92.00
120.45	73.17	77.00	92.00
120.45	73.17	77.00	92.00
120.45	73.17	77.00	92.00
124.94	73.17	77.00	92.00
124.94	73.17	77.00	92.00
129.43	73.17	77.00	92.00
129.43	73.17	77.00	92.00
129.43	73.17	77.00	92.00
133.92	73.17	77.00	92.00
133.92	75.42	77.00	92.00
133.92	75.42	77.00	92.00
133.92	79.91	77.00	92.00
133.92	79.91	77.00	92.00
133.92	79.91	77.00	92.00
133.92	79.91	77.00	92.00
133.92	84.40	77.00	92.00
133.92	84.40	77.00	92.00
133.92	88.88	77.00	92.00
133.92	88.88	77.00	92.00
133.92	88.88	77.00	92.00
137.41	93.50	79.00	94.00
137.41	98.09	79.00	94.00
137.41	93.50	79.00	94.00
137.41	93.50	79.00	94.00
137.41	88.90	79.00	94.00
137.41	88.90	79.00	94.00
137.41	84.30	79.00	94.00
137.41	84.30	79.00	94.00
133.81	80.71	77.00	92.00
133.81	80.71	77.00	92.00
133.81	76.22	77.00	92.00
133.81	76.22	77.00	92.00
133.81	80.71	77.00	92.00
133.81	79.59	77.00	92.00
133.81	79.59	77.00	92.00
133.81	79.59	77.00	92.00
133.81	79.59	77.00	92.00
133.81	79.59	77.00	92.00
133.81	79.59	77.00	92.00
133.81	84.07	77.00	92.00
133.81	84.07	77.00	92.00
133.81	79.59	77.00	92.00
133.81	79.59	77.00	92.00
133.81	79.59	77.00	92.00
133.81	79.59	77.00	92.00
133.81	79.59	77.00	92.00
133.81	79.59	77.00	92.00
133.81	84.07	77.00	92.00
133.81	84.07	77.00	92.00
133.81	84.07	77.00	92.00
133.81	84.07	77.00	92.00
129.33	85.07	76.00	91.00
129.33	85.07	76.00	91.00
129.33	85.07	76.00	91.00
129.33	85.07	76.00	91.00
129.33	85.07	76.00	91.00
129.33	85.07	76.00	91.00
129.33	85.07	76.00	91.00
129.33	85.07	76.00	91.00
129.33	85.07	76.00	91.00
129.33	85.07	76.00	91.00
129.33	85.07	76.00	91.00
129.33	85.07	76.00	91.00
129.33	85.07	76.00	91.00
129.33	85.07	76.00	91.00
129.33	85.07	76.00	91.00
129.33	85.07	76.00	91.00
129.33	85.07	76.00	91.00
129.33	85.07	76.00	91.00
129.33	85.07	76.00	91.00
129.33	85.07	76.00	91.00
129.33	85.07	76.00	91.00
129.33	85.07	76.00	91.00
129.33	85.07	76.00	91.00
129.33	85.07	76.00	91.00
129.33	85.07	76.00	91.00
129.33	85.07	76.00	91.00
129.33	85.07	76.00	91.00
133.79	85.07	76.00	91.00
133.79	85.07	76.00	91.00
133.79	85.07	76.00	91.00
133.79	85.07	76.00	91.00
133.79	85.07	76.00	91.00
133.79	85.07	76.00	91.00
133.79	85.07	76.00	91.00
133.79	85.07	76.00	91.00
133.79	79.61	77.00	92.00
129.30	79.61	77.00	92.00
129.30	79.61	77.00	92.00
124.81	79.61	77.00	92.00
124.81	79.61	77.00	92.00
120.32	79.61	77.00	92.00
120.32	79.61	77.00	92.00
120.32	79.61	77.00	92.00
119.32	78.61	79.00	94.00
119.32	83.21	79.00	94.00
119.32	83.21	79.00	94.00
114.73	83.21	79.00	94.00
114.73	83.21	79.00	94.00
114.73	83.21	79.00	94.00
114.73	83.21	79.00	94.00
114.73	83.21	79.00	94.00
114.73	87.80	79.00	94.00
119.32	87.80	79.00	94.00
119.32	87.80	79.00	94.00
119.32	87.80	79.00	94.00
119.32	87.80	79.00	94.00
119.32	92.40	79.00	94.00
119.32	92.40	79.00	94.00
119.32	92.40	79.00	94.00
119.32	92.40	79.00	94.00
119.32	92.40	79.00	94.00
119.32	92.40	79.00	94.00
119.32	92.40	79.00	94.00
119.32	92.40	79.00	94.00
119.32	92.40	79.00	94.00
119.32	92.40	79.00	94.00
119.32	92.40	79.00	94.00
119.32	92.40	79.00	94.00
119.32	92.40	79.00	94.00
119.32	92.40	79.00	94.00
119.32	92.40	79.00	94.00
119.32	87.80	79.00	94.00
119.32	87.80	79.00	94.00
119.32	87.80	79.00	94.00
119.32	87.80	79.00	94.00
119.32	87.80	79.00	94.00
119.32	87.80	79.00	94.00
119.32	87.80	79.00	94.00
119.32	87.80	79.00	94.00
119.32	87.80	79.00	94.00
119.32	87.80	79.00	94.00
119.32	87.80	79.00	94.00
119.32	87.80	79.00	94.00
119.32	87.80	79.00	94.00
119.32	87.80	79.00	94.00
119.32	87.80	79.00	94.00
119.32	87.80	79.00	94.00
119.32	87.80	79.00	94.00
119.32	87.80	79.00	94.00
119.32	87.80	79.00	94.00
119.32	87.80	79.00	94.00
119.32	87.80	79.00	94.00
120.32	88.80	77.00	92.00
120.32	88.80	77.00	92.00
120.32	88.80	77.00	92.00
120.32	88.80	77.00	92.00
120.32	88.80	77.00	92.00
120.32	88.80	77.00	92.00
120.32	88.80	77.00	92.00
120.32	88.80	77.00	92.00
120.32	88.80	77.00	92.00
120.32	88.80	77.00	92.00
120.32	88.80	77.00	92.00
120.32	88.80	77.00	92.00
120.32	88.80	77.00	92.00
120.32	88.80	77.00	92.00
120.32	88.80	77.00	92.00
120.32	88.80	77.00	92.00
120.32	88.80	77.00	92.00
120.32	88.80	77.00	92.00
120.32	88.80	77.00	92.00
120.32	88.80	77.00	92.00
120.32	88.80	77.00	92.00
120.32	88.80	77.00	92.00
120.32	88.80	77.00	92.00
120.32	88.80	77.00	92.00
120.32	88.80	77.00	92.00
120.32	88.80	77.00	92.00
120.32	88.80	77.00	92.00
120.32	88.80	77.00	92.00
120.32	88.80	77.00	92.00
120.32	88.80	77.00	92.00
120.32	88.80	77.00	92.00
120.32	88.80	77.00	92.00
120.32	88.80	77.00	92.00
120.32	88.80	77.00	92.00
120.32	88.80	77.00	92.00
120.32	88.80	77.00	92.00
120.32	88.80	77.00	92.00
120.32	88.80	77.00	92.00
119.32	87.80	79.00	94.00
119.32	87.80	79.00	94.00
119.32	87.80	79.00	94.00
119.32	87.80	79.00	94.00
119.32	87.80	79.00	94.00
119.32	87.80	79.00	94.00
119.32	87.80	79.00	94.00
119.32	87.80	79.00	94.00
119.32	87.80	79.00	94.00
119.32	87.80	79.00	94.00
119.32	87.80	79.00	94.00
119.32	87.80	79.00	94.00
119.32	87.80	79.00	94.00
119.32	87.80	79.00	94.00
119.32	87.80	79.00	94.00
119.32	87.80	79.00	94.00
119.32	87.80	79.00	94.00
119.32	87.80	79.00	94.00
119.32	83.21	79.00	94.00
119.32	83.21	79.00	94.00
119.32	83.21	79.00	94.00
119.32	83.21	79.00	94.00
119.32	83.21	79.00	94.00
118.32	82.21	80.00	96.00
123.01	82.21	80.00	96.00
123.01	82.21	80.00	96.00
122.01	81.21	82.00	98.00
122.01	81.21	82.00	98.00
122.01	81.21	82.00	98.00
122.01	81.21	82.00	98.00
122.01	76.41	82.00	98.00
122.01	76.41	82.00	98.00
122.01	76.41	82.00	98.00
122.01	76.41	82.00	98.00
122.01	76.41	82.00	98.00
122.01	76.41	82.00	98.00
122.01	76.41	82.00	98.00
122.01	76.41	82.00	98.00
122.01	76.41	82.00	98.00
122.01	76.41	82.00	98.00
122.01	76.41	82.00	98.00
122.01	76.41	82.00	98.00
122.01	76.41	82.00	98.00
122.01	76.41	82.00	98.00
122.01	76.41	82.00	98.00
122.01	76.41	82.00	98.00
122.01	76.41	82.00	98.00
122.01	76.41	82.00	98.00
122.01	76.41	82.00	98.00
122.01	76.41	82.00	98.00
122.01	76.41	82.00	98.00
122.01	76.41	82.00	98.00
122.01	76.41	82.00	98.00
122.01	76.41	82.00	98.00
122.01	76.41	82.00	98.00
122.01	76.41	82.00	98.00
122.01	76.41	82.00	98.00
117.21	76.41	82.00	98.00
117.21	76.41	82.00	98.00
117.21	76.41	82.00	98.00
117.21	76.41	82.00	98.00
117.21	76.41	82.00	98.00
117.21	76.41	82.00	98.00
117.21	76.41	82.00	98.00
117.21	76.41	82.00	98.00
117.21	76.41	82.00	98.00
117.21	76.41	82.00	98.00
117.21	76.41	82.00	98.00
117.21	76.41	82.00	98.00
117.21	76.41	82.00	98.00
117.21	76.41	82.00	98.00
117.21	76.41	82.00	98.00
117.21	76.41	82.00	98.00
117.21	76.41	82.00	98.00
117.21	76.41	82.00	98.00
117.21	76.41	82.00	98.00
117.21	76.41	82.00	98.00
117.21	76.41	82.00	98.00
117.21	76.41	82.00	98.00
