134.00	55.00	60.00	88.00
134.00	55.00	60.00	88.00
134.00	55.00	60.00	88.00
134.00	55.00	60.00	88.00
134.00	55.00	60.00	88.00
134.00	55.00	60.00	88.00
134.00	55.00	60.00	88.00
134.00	55.00	60.00	88.00
134.00	55.00	60.00	88.00
134.00	55.00	60.00	88.00
134.00	55.00	60.00	88.00
135.00	56.00	59.00	86.00
136.00	58.00	57.00	83.00
139.72	58.00	57.00	83.00
139.72	58.00	57.00	83.00
139.72	58.00	57.00	83.00
135.00	57.00	58.00	85.00
131.24	58.00	57.00	83.00
122.87	58.00	57.00	83.00
114.51	58.00	57.00	83.00
110.79	58.00	57.00	83.00
102.43	58.00	57.00	83.00
97.78	58.00	57.00	83.00
89.42	61.72	57.00	83.00
83.77	64.43	58.00	85.00
79.96	69.20	58.00	85.00
79.96	72.01	59.00	86.00
79.96	76.80	59.00	86.00
79.96	81.60	59.00	86.00
79.96	87.39	58.00	85.00
79.96	91.20	58.00	85.00
85.73	92.20	57.00	83.00
89.44	92.20	57.00	83.00
94.09	92.20	57.00	83.00
102.45	92.20	57.00	83.00
109.82	91.20	58.00	85.00
118.39	91.20	58.00	85.00
127.91	91.20	58.00	85.00
131.72	91.20	58.00	85.00
140.29	95.96	58.00	85.00
145.06	98.77	59.00	86.00
149.85	99.77	58.00	85.00
154.61	103.58	58.00	85.00
154.61	103.58	58.00	85.00
154.61	103.58	58.00	85.00
154.61	103.58	58.00	85.00
154.61	103.58	58.00	85.00
154.61	103.58	58.00	85.00
154.61	99.77	58.00	85.00
158.42	98.77	59.00	86.00
158.42	93.98	59.00	86.00
158.42	90.14	59.00	86.00
158.42	90.14	59.00	86.00
161.26	89.14	60.00	88.00
161.26	85.21	60.00	88.00
157.33	85.21	60.00	88.00
154.40	82.28	59.00	86.00
145.77	82.28	59.00	86.00
137.14	77.49	59.00	86.00
128.51	77.49	59.00	86.00
116.04	77.49	59.00	86.00
112.20	77.49	59.00	86.00
103.57	73.65	59.00	86.00
94.94	73.65	59.00	86.00
91.10	73.65	59.00	86.00
91.10	77.49	59.00	86.00
91.10	77.49	59.00	86.00
91.10	77.49	59.00	86.00
94.94	77.49	59.00	86.00
99.73	81.33	59.00	86.00
108.36	77.49	59.00	86.00
112.20	77.49	59.00	86.00
119.87	81.33	59.00	86.00
123.71	81.33	59.00	86.00
127.55	77.49	59.00	86.00
132.34	77.49	59.00	86.00
137.14	77.49	59.00	86.00
141.93	77.49	59.00	86.00
141.93	77.49	59.00	86.00
145.77	77.49	59.00	86.00
145.77	82.28	59.00	86.00
145.77	87.08	59.00	86.00
145.77	91.88	59.00	86.00
145.77	96.67	59.00	86.00
145.77	96.67	59.00	86.00
140.97	96.67	59.00	86.00
133.30	96.67	59.00	86.00
124.67	100.51	59.00	86.00
117.00	100.51	59.00	86.00
112.20	100.51	59.00	86.00
108.36	96.67	59.00	86.00
108.36	88.04	59.00	86.00
108.36	79.41	59.00	86.00
108.36	75.57	59.00	86.00
108.36	76.57	58.00	85.00
113.13	76.57	58.00	85.00
116.94	76.57	58.00	85.00
121.70	76.57	58.00	85.00
130.27	76.57	58.00	85.00
137.89	76.57	58.00	85.00
142.65	76.57	58.00	85.00
147.41	72.76	58.00	85.00
151.22	72.76	58.00	85.00
151.22	76.57	58.00	85.00
155.03	81.33	58.00	85.00
151.22	81.33	58.00	85.00
146.46	81.33	58.00	85.00
142.65	80.33	59.00	86.00
130.18	80.33	59.00	86.00
121.55	80.33	59.00	86.00
116.76	84.17	59.00	86.00
111.96	88.01	59.00	86.00
111.96	91.84	59.00	86.00
111.96	91.84	59.00	86.00
111.96	95.68	59.00	86.00
116.76	95.68	59.00	86.00
125.39	95.68	59.00	86.00
130.18	99.52	59.00	86.00
138.82	99.52	59.00	86.00
142.65	99.52	59.00	86.00
146.49	99.52	59.00	86.00
146.49	90.88	59.00	86.00
146.49	87.05	59.00	86.00
146.49	83.21	59.00	86.00
146.49	78.41	59.00	86.00
146.49	75.58	58.00	85.00
150.30	71.77	58.00	85.00
150.30	67.96	58.00	85.00
150.30	71.77	58.00	85.00
150.30	67.96	58.00	85.00
146.49	67.96	58.00	85.00
142.68	67.96	58.00	85.00
137.92	67.96	58.00	85.00
129.34	67.96	58.00	85.00
116.96	64.15	58.00	85.00
104.58	64.15	58.00	85.00
100.77	60.34	58.00	85.00
93.15	60.34	58.00	85.00
89.34	68.91	58.00	85.00
89.34	76.53	58.00	85.00
89.34	80.34	58.00	85.00
94.10	80.34	58.00	85.00
94.10	80.34	58.00	85.00
102.68	80.34	58.00	85.00
111.25	80.34	58.00	85.00
119.82	80.34	58.00	85.00
128.39	80.34	58.00	85.00
136.96	80.34	58.00	85.00
136.96	80.34	58.00	85.00
140.77	80.34	58.00	85.00
140.77	78.44	58.00	85.00
140.77	74.63	58.00	85.00
144.58	74.63	58.00	85.00
144.58	74.63	58.00	85.00
144.58	74.63	58.00	85.00
140.77	74.63	58.00	85.00
136.96	74.63	58.00	85.00
129.34	74.63	58.00	85.00
120.77	70.82	58.00	85.00
112.20	70.82	58.00	85.00
108.39	70.82	58.00	85.00
99.82	67.01	58.00	85.00
91.25	67.01	58.00	85.00
86.49	74.63	58.00	85.00
82.68	83.20	58.00	85.00
82.68	87.01	58.00	85.00
82.68	95.58	58.00	85.00
86.49	99.39	58.00	85.00
94.10	102.20	59.00	86.00
98.90	102.20	59.00	86.00
107.53	102.20	59.00	86.00
112.33	102.20	59.00	86.00
124.80	102.20	59.00	86.00
133.43	102.20	59.00	86.00
138.22	98.36	59.00	86.00
145.90	98.36	59.00	86.00
149.73	94.53	59.00	86.00
149.73	90.69	59.00	86.00
153.57	90.69	59.00	86.00
153.57	86.85	59.00	86.00
153.57	79.18	59.00	86.00
153.57	75.34	59.00	86.00
157.41	75.34	59.00	86.00
157.41	75.34	59.00	86.00
153.57	72.51	58.00	85.00
153.57	72.51	58.00	85.00
148.81	72.51	58.00	85.00
141.19	72.51	58.00	85.00
132.62	68.70	58.00	85.00
132.62	68.70	58.00	85.00
124.04	68.70	58.00	85.00
116.43	68.70	58.00	85.00
111.66	68.70	58.00	85.00
103.09	64.89	58.00	85.00
99.28	64.89	58.00	85.00
94.52	64.89	58.00	85.00
86.95	65.89	57.00	83.00
82.23	68.60	58.00	85.00
82.23	72.41	58.00	85.00
82.23	77.18	58.00	85.00
82.23	80.99	58.00	85.00
82.23	84.80	58.00	85.00
86.04	84.80	58.00	85.00
89.85	88.61	58.00	85.00
98.42	88.61	58.00	85.00
106.99	84.80	58.00	85.00
106.99	84.80	58.00	85.00
119.38	84.80	58.00	85.00
127.95	84.80	58.00	85.00
132.71	84.80	58.00	85.00
137.47	84.80	58.00	85.00
142.23	87.61	59.00	86.00
142.23	87.61	59.00	86.00
146.07	83.77	59.00	86.00
146.07	79.93	59.00	86.00
146.07	75.14	59.00	86.00
146.07	75.14	59.00	86.00
149.91	75.14	59.00	86.00
149.91	75.14	59.00	86.00
146.07	75.14	59.00	86.00
138.40	75.14	59.00	86.00
130.72	75.14	59.00	86.00
122.09	71.30	59.00	86.00
118.26	71.30	59.00	86.00
114.42	71.30	59.00	86.00
106.75	71.30	59.00	86.00
102.91	71.30	59.00	86.00
99.07	71.30	59.00	86.00
95.24	71.30	59.00	86.00
95.24	71.30	59.00	86.00
95.24	71.30	59.00	86.00
95.24	71.30	59.00	86.00
99.07	71.30	59.00	86.00
102.91	71.30	59.00	86.00
107.71	71.30	59.00	86.00
111.54	71.30	59.00	86.00
116.34	71.30	59.00	86.00
124.97	71.30	59.00	86.00
129.76	71.30	59.00	86.00
138.40	71.30	59.00	86.00
142.23	71.30	59.00	86.00
142.23	71.30	59.00	86.00
146.07	75.14	59.00	86.00
146.07	83.77	59.00	86.00
149.91	92.40	59.00	86.00
149.91	97.20	59.00	86.00
142.23	97.20	59.00	86.00
138.40	97.20	59.00	86.00
129.76	97.20	59.00	86.00
118.26	101.03	59.00	86.00
105.79	101.03	59.00	86.00
101.95	101.03	59.00	86.00
101.95	97.20	59.00	86.00
101.95	92.40	59.00	86.00
98.11	87.61	59.00	86.00
98.11	83.77	59.00	86.00
98.11	79.93	59.00	86.00
98.11	79.93	59.00	86.00
98.11	76.10	59.00	86.00
98.11	72.26	59.00	86.00
98.11	72.26	59.00	86.00
101.95	72.26	59.00	86.00
106.75	68.42	59.00	86.00
115.38	68.42	59.00	86.00
115.38	68.42	59.00	86.00
124.01	68.42	59.00	86.00
132.64	64.59	59.00	86.00
136.48	64.59	59.00	86.00
141.27	64.59	59.00	86.00
145.11	64.59	59.00	86.00
145.11	65.59	58.00	85.00
148.92	65.59	58.00	85.00
148.92	65.59	58.00	85.00
148.92	65.59	58.00	85.00
148.92	65.59	58.00	85.00
152.73	65.59	58.00	85.00
152.73	65.59	58.00	85.00
152.73	61.78	58.00	85.00
148.92	61.78	58.00	85.00
146.11	62.78	57.00	83.00
137.75	62.78	57.00	83.00
134.03	62.78	57.00	83.00
125.67	62.78	57.00	83.00
117.30	62.78	57.00	83.00
108.94	62.78	57.00	83.00
100.58	66.49	57.00	83.00
94.07	62.78	57.00	83.00
91.35	63.78	55.00	81.00
87.74	63.78	55.00	81.00
84.13	60.17	55.00	81.00
84.13	60.17	55.00	81.00
84.13	60.17	55.00	81.00
84.13	60.17	55.00	81.00
84.13	60.17	55.00	81.00
84.13	60.17	54.00	80.00
88.54	63.70	54.00	80.00
96.49	60.17	54.00	80.00
107.96	60.17	54.00	80.00
119.43	60.17	55.00	81.00
123.04	60.17	55.00	81.00
133.77	59.17	57.00	83.00
142.14	59.17	57.00	83.00
146.78	59.17	57.00	83.00
146.78	67.53	57.00	83.00
146.78	75.89	57.00	83.00
150.50	84.26	57.00	83.00
149.50	95.34	58.00	85.00
145.69	103.91	58.00	85.00
140.93	107.72	58.00	85.00
133.36	108.72	57.00	83.00
128.71	108.72	57.00	83.00
111.98	112.44	57.00	83.00
99.90	112.44	57.00	83.00
91.54	112.44	57.00	83.00
83.17	108.72	57.00	83.00
78.53	100.36	57.00	83.00
78.53	92.92	57.00	83.00
78.53	84.56	57.00	83.00
78.53	80.84	57.00	83.00
83.17	80.84	57.00	83.00
90.61	76.19	57.00	83.00
98.97	72.48	57.00	83.00
103.62	72.48	57.00	83.00
116.63	72.48	57.00	83.00
128.71	72.48	57.00	83.00
140.79	72.48	57.00	83.00
149.15	72.48	57.00	83.00
153.80	72.48	57.00	83.00
157.52	72.48	57.00	83.00
157.52	76.19	57.00	83.00
157.52	84.56	57.00	83.00
157.52	92.92	57.00	83.00
152.80	95.64	58.00	85.00
144.23	95.64	58.00	85.00
140.42	95.64	58.00	85.00
131.85	95.64	58.00	85.00
119.47	95.64	58.00	85.00
110.89	95.64	58.00	85.00
106.13	95.64	58.00	85.00
106.13	94.64	59.00	86.00
101.34	87.97	58.00	85.00
101.34	84.16	58.00	85.00
101.34	80.35	58.00	85.00
101.34	80.35	58.00	85.00
106.10	75.58	58.00	85.00
109.91	75.58	58.00	85.00
114.67	71.78	58.00	85.00
123.24	71.78	58.00	85.00
135.62	71.78	58.00	85.00
143.24	71.78	58.00	85.00
147.05	71.78	58.00	85.00
147.05	71.78	58.00	85.00
147.05	76.54	58.00	85.00
147.05	84.16	58.00	85.00
142.29	84.16	58.00	85.00
133.72	84.16	58.00	85.00
125.15	84.16	58.00	85.00
120.38	84.16	58.00	85.00
108.00	80.35	58.00	85.00
100.43	81.35	57.00	83.00
94.00	82.35	55.00	81.00
90.39	82.35	55.00	81.00
86.78	82.35	55.00	81.00
86.78	82.35	55.00	81.00
86.78	86.86	55.00	81.00
86.78	91.37	54.00	80.00
90.31	91.37	54.00	80.00
97.37	91.37	54.00	80.00
100.90	91.37	54.00	80.00
108.84	91.37	54.00	80.00
116.78	91.37	54.00	80.00
128.25	91.37	54.00	80.00
136.19	91.37	55.00	81.00
143.41	91.37	55.00	81.00
143.41	91.37	55.00	81.00
146.93	90.37	57.00	83.00
146.93	82.01	57.00	83.00
150.64	78.29	57.00	83.00
149.64	77.29	58.00	85.00
148.69	77.29	58.00	85.00
144.88	77.29	58.00	85.00
140.12	73.48	58.00	85.00
131.55	73.48	58.00	85.00
122.97	73.48	58.00	85.00
110.59	69.67	58.00	85.00
102.02	69.67	58.00	85.00
97.26	69.67	58.00	85.00
88.69	69.67	58.00	85.00
80.12	69.67	58.00	85.00
77.26	69.67	58.00	85.00
77.26	74.43	58.00	85.00
77.26	78.24	58.00	85.00
81.07	78.24	58.00	85.00
84.88	83.01	58.00	85.00
90.64	84.01	57.00	83.00
99.00	87.72	57.00	83.00
111.08	87.72	57.00	83.00
114.80	87.72	57.00	83.00
126.88	87.72	57.00	83.00
138.96	87.72	57.00	83.00
147.33	87.72	57.00	83.00
151.04	87.72	57.00	83.00
151.04	87.72	57.00	83.00
154.76	91.44	57.00	83.00
154.76	87.72	57.00	83.00
154.76	87.72	57.00	83.00
151.04	84.01	57.00	83.00
146.40	79.36	57.00	83.00
138.03	74.71	57.00	83.00
133.39	74.71	57.00	83.00
121.31	70.07	57.00	83.00
113.87	66.35	57.00	83.00
106.44	66.35	57.00	83.00
98.07	66.35	57.00	83.00
90.71	67.35	55.00	81.00
90.71	63.74	55.00	81.00
86.10	66.35	57.00	83.00
86.10	70.07	57.00	83.00
86.10	73.78	57.00	83.00
89.82	78.43	57.00	83.00
94.46	82.15	57.00	83.00
98.18	82.15	57.00	83.00
106.55	82.15	57.00	83.00
114.91	85.86	57.00	83.00
126.99	85.86	57.00	83.00
135.35	85.86	57.00	83.00
140.00	85.86	57.00	83.00
148.36	85.86	57.00	83.00
156.73	85.86	57.00	83.00
156.73	85.86	57.00	83.00
156.73	85.86	57.00	83.00
156.73	82.15	57.00	83.00
156.73	78.43	57.00	83.00
156.73	74.71	57.00	83.00
156.73	74.71	57.00	83.00
161.44	72.00	55.00	81.00
161.44	72.00	55.00	81.00
161.44	67.48	55.00	81.00
161.44	67.48	55.00	81.00
161.44	63.87	55.00	81.00
161.44	67.48	55.00	81.00
161.44	67.48	55.00	81.00
156.93	62.97	55.00	81.00
156.93	59.36	55.00	81.00
156.93	59.36	55.00	81.00
156.93	59.36	55.00	81.00
156.93	59.36	55.00	81.00
156.93	59.36	55.00	81.00
156.93	59.36	55.00	81.00
156.93	59.36	55.00	81.00
155.93	58.36	57.00	83.00
152.21	58.36	57.00	83.00
152.21	58.36	57.00	83.00
152.21	58.36	57.00	83.00
152.21	58.36	57.00	83.00
152.21	58.36	57.00	83.00
152.21	58.36	57.00	83.00
152.21	58.36	57.00	83.00
152.21	58.36	57.00	83.00
152.21	58.36	57.00	83.00
155.93	58.36	57.00	83.00
155.93	58.36	57.00	83.00
155.93	58.36	57.00	83.00
155.93	58.36	57.00	83.00
155.93	58.36	57.00	83.00
155.93	58.36	57.00	83.00
155.93	58.36	57.00	83.00
155.93	58.36	57.00	83.00
155.93	58.36	57.00	83.00
155.93	58.36	57.00	83.00
155.93	58.36	57.00	83.00
155.93	58.36	57.00	83.00
155.93	58.36	57.00	83.00
155.93	58.36	57.00	83.00
155.93	58.36	57.00	83.00
155.93	58.36	57.00	83.00
