405.00	256.00	122.00	148.00
405.00	256.00	122.00	148.00
406.00	258.00	120.00	145.00
412.05	248.95	122.00	148.00
411.05	247.95	124.00	151.00
418.38	240.62	124.00	151.00
417.38	238.62	127.00	154.00
416.38	230.15	129.00	157.00
414.38	228.15	132.00	160.00
405.61	219.37	135.00	163.00
397.69	219.37	135.00	163.00
389.78	209.48	135.00	163.00
381.87	199.59	135.00	163.00
373.96	191.68	135.00	163.00
366.05	183.77	135.00	163.00
356.16	183.77	135.00	163.00
348.25	183.77	135.00	163.00
340.34	183.77	135.00	163.00
332.43	183.77	135.00	163.00
333.43	184.77	132.00	160.00
325.65	184.77	132.00	160.00
317.87	184.77	132.00	160.00
319.87	186.77	129.00	157.00
320.87	187.77	127.00	154.00
312.53	182.30	124.00	151.00
305.19	182.30	124.00	151.00
298.86	175.96	122.00	148.00
291.69	175.96	122.00	148.00
282.74	168.79	122.00	148.00
273.78	161.63	122.00	148.00
273.78	154.46	122.00	148.00
267.61	140.34	120.00	145.00
269.61	127.25	117.00	142.00
270.61	120.61	115.00	139.00
278.35	106.45	113.00	137.00
284.99	93.18	113.00	137.00
292.62	87.55	110.00	134.00
292.62	79.43	110.00	134.00
305.62	64.81	110.00	134.00
312.11	58.31	110.00	134.00
312.11	58.31	110.00	134.00
312.11	58.31	110.00	134.00
313.11	60.31	108.00	131.00
313.11	60.31	108.00	131.00
306.74	66.69	108.00	131.00
307.74	74.07	106.00	129.00
302.46	75.07	104.00	126.00
302.46	81.17	104.00	126.00
294.84	87.26	104.00	126.00
288.74	93.36	104.00	126.00
281.11	93.36	104.00	126.00
273.49	99.46	104.00	126.00
267.39	99.46	104.00	126.00
262.29	106.56	102.00	124.00
262.29	106.56	102.00	124.00
262.29	112.56	102.00	124.00
262.29	112.56	102.00	124.00
262.29	112.56	102.00	124.00
262.29	112.56	102.00	124.00
262.29	112.56	102.00	124.00
256.30	112.56	102.00	124.00
256.30	112.56	102.00	124.00
256.30	112.56	102.00	124.00
256.30	112.56	102.00	124.00
256.30	112.56	102.00	124.00
261.29	105.56	104.00	126.00
261.29	105.56	104.00	126.00
261.29	99.46	104.00	126.00
261.29	99.46	104.00	126.00
261.29	99.46	104.00	126.00
261.29	93.36	104.00	126.00
261.29	93.36	104.00	126.00
261.29	93.36	104.00	126.00
261.29	93.36	104.00	126.00
261.29	93.36	104.00	126.00
261.29	93.36	104.00	126.00
261.29	93.36	104.00	126.00
267.39	87.26	104.00	126.00
267.39	87.26	104.00	126.00
267.39	87.26	104.00	126.00
267.39	87.26	104.00	126.00
273.49	87.26	104.00	126.00
273.49	87.26	104.00	126.00
279.59	87.26	104.00	126.00
285.69	87.26	104.00	126.00
291.79	87.26	104.00	126.00
297.89	87.26	104.00	126.00
303.99	87.26	104.00	126.00
310.09	87.26	104.00	126.00
310.09	87.26	104.00	126.00
316.19	87.26	104.00	126.00
316.19	81.17	104.00	126.00
321.29	80.17	106.00	129.00
321.29	73.89	106.00	129.00
321.29	73.89	106.00	129.00
321.29	67.62	106.00	129.00
321.29	67.62	106.00	129.00
327.56	67.62	106.00	129.00
326.56	72.89	108.00	131.00
326.56	72.89	108.00	131.00
325.56	77.27	110.00	134.00
325.56	77.27	110.00	134.00
325.56	85.40	110.00	134.00
319.06	93.52	110.00	134.00
319.06	100.02	110.00	134.00
312.56	108.14	110.00	134.00
304.44	122.76	110.00	134.00
297.94	137.39	110.00	134.00
290.44	144.51	113.00	137.00
283.81	152.80	113.00	137.00
277.18	166.06	113.00	137.00
277.18	172.70	113.00	137.00
270.54	180.99	113.00	137.00
262.25	189.28	113.00	137.00
252.96	196.57	115.00	139.00
246.22	204.99	115.00	139.00
237.80	213.42	115.00	139.00
231.06	220.15	115.00	139.00
223.32	224.89	117.00	142.00
223.32	231.81	117.00	142.00
216.41	231.81	117.00	142.00
214.41	237.72	120.00	145.00
214.41	237.72	120.00	145.00
221.46	237.72	120.00	145.00
228.50	237.72	120.00	145.00
228.50	237.72	120.00	145.00
235.55	237.72	120.00	145.00
234.55	235.72	122.00	148.00
247.88	234.72	124.00	151.00
255.21	242.06	124.00	151.00
264.39	242.06	124.00	151.00
273.56	249.39	124.00	151.00
282.73	249.39	124.00	151.00
290.90	247.39	127.00	154.00
300.24	254.86	127.00	154.00
307.71	247.39	127.00	154.00
315.18	239.92	127.00	154.00
321.66	231.45	129.00	157.00
329.25	231.45	129.00	157.00
329.25	223.86	129.00	157.00
321.66	216.27	129.00	157.00
321.66	208.68	129.00	157.00
321.66	208.68	129.00	157.00
306.47	201.09	129.00	157.00
296.99	201.09	129.00	157.00
281.80	193.50	129.00	157.00
274.21	193.50	129.00	157.00
257.13	193.50	129.00	157.00
241.95	185.91	129.00	157.00
232.46	185.91	129.00	157.00
215.38	178.31	129.00	157.00
207.79	178.31	129.00	157.00
190.71	170.72	129.00	157.00
174.64	171.72	127.00	154.00
167.16	162.38	127.00	154.00
167.16	154.91	127.00	154.00
167.16	147.44	127.00	154.00
174.64	139.97	127.00	154.00
174.64	139.97	127.00	154.00
174.64	139.97	127.00	154.00
175.64	140.10	124.00	151.00
182.97	132.76	124.00	151.00
190.31	132.76	124.00	151.00
191.31	133.76	122.00	148.00
198.48	126.60	122.00	148.00
198.48	126.60	122.00	148.00
199.48	128.60	120.00	145.00
199.48	121.55	120.00	145.00
199.48	121.55	120.00	145.00
199.48	121.55	120.00	145.00
206.52	128.60	120.00	145.00
208.52	129.60	117.00	142.00
218.16	138.51	115.00	139.00
224.90	138.51	115.00	139.00
231.64	145.25	115.00	139.00
238.38	145.25	115.00	139.00
245.12	151.99	115.00	139.00
246.12	152.99	113.00	137.00
252.75	146.36	113.00	137.00
253.75	147.36	110.00	134.00
253.75	140.86	110.00	134.00
253.75	134.36	110.00	134.00
248.25	136.36	108.00	131.00
248.25	122.01	108.00	131.00
249.25	116.63	106.00	129.00
249.25	102.51	106.00	129.00
249.25	89.97	106.00	129.00
250.25	83.13	104.00	126.00
250.25	69.40	104.00	126.00
250.25	61.78	104.00	126.00
250.25	48.06	104.00	126.00
251.25	42.96	102.00	124.00
258.74	36.96	102.00	124.00
272.23	30.97	102.00	124.00
285.71	30.97	102.00	124.00
299.19	36.96	102.00	124.00
312.68	42.96	102.00	124.00
326.16	50.45	102.00	124.00
338.15	56.44	102.00	124.00
345.64	62.43	102.00	124.00
359.12	68.43	102.00	124.00
365.11	68.43	102.00	124.00
372.61	75.92	102.00	124.00
378.60	83.41	102.00	124.00
384.59	90.90	102.00	124.00
384.59	96.89	102.00	124.00
384.59	102.88	102.00	124.00
384.59	110.38	102.00	124.00
378.60	117.87	102.00	124.00
371.11	125.36	102.00	124.00
359.12	131.35	102.00	124.00
352.63	139.34	100.00	121.00
339.42	139.34	100.00	121.00
333.54	139.34	100.00	121.00
327.20	146.22	98.00	119.00
319.99	146.22	98.00	119.00
308.46	146.22	98.00	119.00
301.25	151.98	98.00	119.00
288.28	157.75	98.00	119.00
275.30	157.75	98.00	119.00
268.09	157.75	98.00	119.00
255.12	157.75	98.00	119.00
248.91	164.52	96.00	117.00
236.18	164.52	96.00	117.00
224.86	171.59	96.00	117.00
212.12	178.67	96.00	117.00
200.80	185.74	96.00	117.00
195.14	192.81	96.00	117.00
183.82	199.89	96.00	117.00
176.75	212.62	96.00	117.00
164.01	218.28	96.00	117.00
156.94	223.94	96.00	117.00
144.21	229.60	96.00	117.00
138.55	229.60	96.00	117.00
132.89	235.26	96.00	117.00
131.89	234.26	98.00	119.00
126.12	234.26	98.00	119.00
126.12	234.26	98.00	119.00
125.12	227.50	100.00	121.00
125.12	221.62	100.00	121.00
125.12	221.62	100.00	121.00
130.99	221.62	100.00	121.00
130.99	221.62	100.00	121.00
138.33	221.62	100.00	121.00
144.68	219.62	102.00	124.00
152.17	219.62	102.00	124.00
157.16	218.62	104.00	126.00
157.16	218.62	104.00	126.00
164.78	218.62	104.00	126.00
169.88	223.72	106.00	129.00
169.88	230.00	106.00	129.00
169.88	236.27	106.00	129.00
169.88	236.27	106.00	129.00
169.88	236.27	106.00	129.00
168.88	241.54	108.00	131.00
167.88	239.54	110.00	134.00
166.88	238.54	113.00	137.00
165.88	237.54	115.00	139.00
165.88	237.54	115.00	139.00
165.88	244.28	115.00	139.00
164.88	242.28	117.00	142.00
171.80	242.28	117.00	142.00
169.80	241.28	120.00	145.00
168.80	232.23	122.00	148.00
168.80	232.23	122.00	148.00
174.96	231.23	124.00	151.00
173.96	221.90	127.00	154.00
172.96	220.90	129.00	157.00
170.96	211.31	132.00	160.00
170.96	203.53	132.00	160.00
178.74	203.53	132.00	160.00
178.74	193.81	132.00	160.00
178.74	186.03	132.00	160.00
185.52	177.25	135.00	163.00
192.43	167.34	137.00	167.00
200.52	159.24	137.00	167.00
200.52	159.24	137.00	167.00
208.62	151.15	137.00	167.00
214.72	149.15	140.00	170.00
214.72	149.15	140.00	170.00
214.72	140.91	140.00	170.00
224.95	142.91	137.00	167.00
224.95	142.91	137.00	167.00
233.05	142.91	137.00	167.00
224.95	142.91	137.00	167.00
224.95	134.82	137.00	167.00
233.05	134.82	137.00	167.00
233.05	134.82	137.00	167.00
233.05	134.82	137.00	167.00
233.05	134.82	137.00	167.00
233.05	134.82	137.00	167.00
233.05	134.82	137.00	167.00
233.05	134.82	137.00	167.00
233.05	134.82	137.00	167.00
224.95	134.82	137.00	167.00
224.95	134.82	137.00	167.00
224.95	134.82	137.00	167.00
224.95	134.82	137.00	167.00
222.95	132.82	140.00	170.00
216.72	143.05	137.00	167.00
216.72	151.15	137.00	167.00
216.72	151.15	137.00	167.00
224.81	159.24	137.00	167.00
224.81	159.24	137.00	167.00
232.91	167.34	137.00	167.00
230.91	165.34	140.00	170.00
230.91	173.57	140.00	170.00
229.91	172.57	143.00	173.00
232.12	178.99	146.00	177.00
231.12	176.99	149.00	180.00
231.12	176.99	149.00	180.00
229.12	174.99	152.00	184.00
229.12	174.99	152.00	184.00
228.12	172.99	155.00	188.00
226.12	162.84	158.00	191.00
225.12	160.84	161.00	195.00
234.97	158.84	164.00	199.00
243.66	156.84	167.00	203.00
241.66	154.84	171.00	207.00
239.66	152.84	174.00	211.00
250.46	149.84	178.00	216.00
260.93	160.30	178.00	216.00
260.93	170.77	178.00	216.00
259.93	168.77	181.00	220.00
259.93	179.44	181.00	220.00
257.93	177.44	185.00	224.00
255.93	175.44	189.00	229.00
255.93	175.44	189.00	229.00
255.93	186.55	189.00	229.00
244.82	186.55	189.00	229.00
244.82	186.55	189.00	229.00
244.82	186.55	189.00	229.00
244.82	186.55	189.00	229.00
244.82	186.55	189.00	229.00
244.82	186.55	189.00	229.00
244.82	175.44	189.00	229.00
246.82	177.44	185.00	224.00
259.70	168.56	181.00	220.00
259.70	157.89	181.00	220.00
260.70	159.89	178.00	216.00
260.70	149.42	178.00	216.00
262.70	152.42	174.00	211.00
262.70	142.18	174.00	211.00
252.46	142.18	174.00	211.00
254.46	133.94	171.00	207.00
244.42	133.94	171.00	207.00
246.42	123.39	167.00	203.00
247.42	115.56	164.00	199.00
249.42	117.56	161.00	195.00
249.42	117.56	161.00	195.00
249.42	117.56	161.00	195.00
259.90	119.56	158.00	191.00
259.90	119.56	158.00	191.00
259.90	119.56	158.00	191.00
259.90	128.84	158.00	191.00
259.90	138.13	158.00	191.00
259.90	147.41	158.00	191.00
261.90	157.69	155.00	188.00
262.90	159.69	152.00	184.00
251.71	168.64	152.00	184.00
233.81	168.64	152.00	184.00
212.67	166.64	155.00	188.00
192.09	175.79	155.00	188.00
171.50	175.79	155.00	188.00
162.35	175.79	155.00	188.00
153.20	175.79	155.00	188.00
141.77	166.64	155.00	188.00
130.33	166.64	155.00	188.00
131.33	168.64	152.00	184.00
133.33	161.69	149.00	180.00
124.58	161.69	149.00	180.00
125.58	163.69	146.00	177.00
116.96	155.07	146.00	177.00
118.96	157.07	143.00	173.00
119.96	149.66	140.00	170.00
113.73	151.66	137.00	167.00
114.73	145.56	135.00	163.00
115.73	146.56	132.00	160.00
109.95	140.78	129.00	157.00
110.95	141.78	127.00	154.00
110.95	134.31	127.00	154.00
111.95	136.31	124.00	151.00
111.95	128.97	124.00	151.00
120.29	129.97	122.00	148.00
127.46	122.81	122.00	148.00
134.62	122.81	122.00	148.00
143.58	122.81	122.00	148.00
159.70	129.97	122.00	148.00
168.66	129.97	122.00	148.00
182.99	137.14	122.00	148.00
199.11	137.14	122.00	148.00
208.06	144.30	122.00	148.00
217.02	144.30	122.00	148.00
225.97	144.30	122.00	148.00
240.30	144.30	122.00	148.00
247.47	144.30	122.00	148.00
247.47	144.30	122.00	148.00
261.80	144.30	122.00	148.00
268.96	144.30	122.00	148.00
276.13	144.30	122.00	148.00
285.09	144.30	122.00	148.00
299.42	144.30	122.00	148.00
308.37	151.47	122.00	148.00
322.70	151.47	122.00	148.00
329.87	151.47	122.00	148.00
344.20	151.47	122.00	148.00
353.15	144.30	122.00	148.00
362.11	144.30	122.00	148.00
376.44	137.14	122.00	148.00
385.40	137.14	122.00	148.00
399.72	137.14	122.00	148.00
406.89	137.14	122.00	148.00
406.89	137.14	122.00	148.00
415.85	129.97	122.00	148.00
423.01	129.97	122.00	148.00
423.01	129.97	122.00	148.00
423.01	129.97	122.00	148.00
423.01	129.97	122.00	148.00
423.01	129.97	122.00	148.00
415.85	129.97	122.00	148.00
414.85	128.97	124.00	151.00
414.85	136.31	124.00	151.00
405.67	136.31	124.00	151.00
398.34	136.31	124.00	151.00
397.34	134.31	127.00	154.00
389.86	134.31	127.00	154.00
382.39	134.31	127.00	154.00
374.92	134.31	127.00	154.00
374.92	141.78	127.00	154.00
367.45	141.78	127.00	154.00
366.45	140.78	129.00	157.00
358.86	140.78	129.00	157.00
358.86	148.37	129.00	157.00
351.27	148.37	129.00	157.00
351.27	148.37	129.00	157.00
343.68	148.37	129.00	157.00
336.09	148.37	129.00	157.00
336.09	140.78	129.00	157.00
326.60	140.78	129.00	157.00
324.60	131.19	132.00	160.00
314.88	131.19	132.00	160.00
313.88	122.41	135.00	163.00
305.97	122.41	135.00	163.00
305.97	114.50	135.00	163.00
305.97	114.50	135.00	163.00
298.05	106.59	135.00	163.00
298.05	106.59	135.00	163.00
298.05	106.59	135.00	163.00
298.05	106.59	135.00	163.00
298.05	106.59	135.00	163.00
298.05	106.59	135.00	163.00
298.05	106.59	135.00	163.00
305.97	106.59	135.00	163.00
313.88	106.59	135.00	163.00
313.88	106.59	135.00	163.00
313.88	106.59	135.00	163.00
313.88	106.59	135.00	163.00
313.88	106.59	135.00	163.00
321.79	106.59	135.00	163.00
329.70	106.59	135.00	163.00
329.70	106.59	135.00	163.00
329.70	106.59	135.00	163.00
329.70	106.59	135.00	163.00
328.70	104.59	137.00	167.00
320.60	104.59	137.00	167.00
320.60	104.59	137.00	167.00
312.51	104.59	137.00	167.00
312.51	112.69	137.00	167.00
304.41	112.69	137.00	167.00
302.41	110.69	140.00	170.00
294.18	110.69	140.00	170.00
285.95	110.69	140.00	170.00
285.95	110.69	140.00	170.00
284.95	109.69	143.00	173.00
276.53	109.69	143.00	173.00
274.53	107.69	146.00	177.00
273.53	105.69	149.00	180.00
271.53	103.69	152.00	184.00
271.53	112.64	152.00	184.00
273.53	114.64	149.00	180.00
282.28	114.64	149.00	180.00
282.28	114.64	149.00	180.00
289.03	112.64	152.00	184.00
289.03	112.64	152.00	184.00
297.98	112.64	152.00	184.00
297.98	112.64	152.00	184.00
306.93	112.64	152.00	184.00
306.93	112.64	152.00	184.00
315.88	103.69	152.00	184.00
315.88	103.69	152.00	184.00
315.88	103.69	152.00	184.00
315.88	103.69	152.00	184.00
315.88	103.69	152.00	184.00
315.88	103.69	152.00	184.00
306.93	112.64	152.00	184.00
297.98	112.64	152.00	184.00
289.03	112.64	152.00	184.00
289.03	121.59	152.00	184.00
277.84	121.59	152.00	184.00
268.89	130.54	152.00	184.00
268.89	130.54	152.00	184.00
259.94	130.54	152.00	184.00
259.94	139.49	152.00	184.00
259.94	139.49	152.00	184.00
259.94	139.49	152.00	184.00
250.99	139.49	152.00	184.00
252.99	150.44	149.00	180.00
252.99	150.44	149.00	180.00
252.99	150.44	149.00	180.00
252.99	150.44	149.00	180.00
252.99	150.44	149.00	180.00
252.99	150.44	149.00	180.00
252.99	150.44	149.00	180.00
244.24	150.44	149.00	180.00
244.24	150.44	149.00	180.00
244.24	150.44	149.00	180.00
235.49	150.44	149.00	180.00
235.49	150.44	149.00	180.00
233.49	148.44	152.00	184.00
232.49	146.44	155.00	188.00
232.49	146.44	155.00	188.00
233.49	157.59	152.00	184.00
235.49	159.59	149.00	180.00
235.49	159.59	149.00	180.00
235.49	159.59	149.00	180.00
242.24	157.59	152.00	184.00
242.24	157.59	152.00	184.00
241.24	155.59	155.00	188.00
241.24	155.59	155.00	188.00
250.39	155.59	155.00	188.00
250.39	155.59	155.00	188.00
250.39	155.59	155.00	188.00
250.39	155.59	155.00	188.00
250.39	155.59	155.00	188.00
250.39	155.59	155.00	188.00
250.39	155.59	155.00	188.00
250.39	155.59	155.00	188.00
248.39	154.59	158.00	191.00
248.39	154.59	158.00	191.00
239.11	154.59	158.00	191.00
239.11	154.59	158.00	191.00
239.11	154.59	158.00	191.00
239.11	154.59	158.00	191.00
239.11	154.59	158.00	191.00
239.11	154.59	158.00	191.00
239.11	154.59	158.00	191.00
239.11	154.59	158.00	191.00
239.11	154.59	158.00	191.00
239.11	154.59	158.00	191.00
239.11	154.59	158.00	191.00
239.11	154.59	158.00	191.00
239.11	154.59	158.00	191.00
239.11	154.59	158.00	191.00
239.11	145.30	158.00	191.00
239.11	145.30	158.00	191.00
241.11	146.30	155.00	188.00
242.11	148.30	152.00	184.00
244.11	150.30	149.00	180.00
244.11	150.30	149.00	180.00
244.11	141.55	149.00	180.00
244.11	141.55	149.00	180.00
244.11	141.55	149.00	180.00
245.11	152.30	146.00	177.00
245.11	152.30	146.00	177.00
245.11	152.30	146.00	177.00
247.11	162.92	143.00	173.00
255.53	162.92	143.00	173.00
255.53	162.92	143.00	173.00
255.53	162.92	143.00	173.00
263.95	171.34	143.00	173.00
263.95	171.34	143.00	173.00
263.95	171.34	143.00	173.00
263.95	171.34	143.00	173.00
263.95	171.34	143.00	173.00
263.95	171.34	143.00	173.00
264.95	172.34	140.00	170.00
264.95	172.34	140.00	170.00
256.71	172.34	140.00	170.00
256.71	180.57	140.00	170.00
258.71	182.57	137.00	167.00
258.71	182.57	137.00	167.00
258.71	182.57	137.00	167.00
258.71	182.57	137.00	167.00
258.71	182.57	137.00	167.00
250.62	182.57	137.00	167.00
250.62	182.57	137.00	167.00
250.62	182.57	137.00	167.00
250.62	182.57	137.00	167.00
250.62	182.57	137.00	167.00
250.62	182.57	137.00	167.00
250.62	182.57	137.00	167.00
248.62	180.57	140.00	170.00
240.39	180.57	140.00	170.00
240.39	180.57	140.00	170.00
240.39	180.57	140.00	170.00
240.39	180.57	140.00	170.00
240.39	180.57	140.00	170.00
232.16	180.57	140.00	170.00
232.16	180.57	140.00	170.00
232.16	180.57	140.00	170.00
231.16	179.57	143.00	173.00
220.74	177.57	146.00	177.00
219.74	175.57	149.00	180.00
219.74	184.32	149.00	180.00
228.49	184.32	149.00	180.00
239.43	184.32	149.00	180.00
248.18	184.32	149.00	180.00
254.93	182.32	152.00	184.00
263.88	191.27	152.00	184.00
272.83	191.27	152.00	184.00
281.78	191.27	152.00	184.00
281.78	191.27	152.00	184.00
290.73	191.27	152.00	184.00
289.73	189.27	155.00	188.00
280.58	189.27	155.00	188.00
271.43	189.27	155.00	188.00
260.28	188.27	158.00	191.00
250.00	176.99	161.00	195.00
250.00	176.99	161.00	195.00
248.00	174.99	164.00	199.00
248.00	174.99	164.00	199.00
248.00	174.99	164.00	199.00
248.00	174.99	164.00	199.00
267.36	174.99	164.00	199.00
277.04	184.67	164.00	199.00
277.04	184.67	164.00	199.00
288.73	208.45	161.00	195.00
296.21	206.45	164.00	199.00
296.21	216.14	164.00	199.00
305.89	225.82	164.00	199.00
305.89	225.82	164.00	199.00
304.89	223.82	167.00	203.00
304.89	223.82	167.00	203.00
285.23	223.82	167.00	203.00
285.23	201.70	167.00	203.00
273.41	177.59	171.00	207.00
271.41	165.55	174.00	211.00
248.36	155.31	174.00	211.00
236.12	142.07	178.00	216.00
236.12	142.07	178.00	216.00
224.65	129.60	181.00	220.00
213.99	129.60	181.00	220.00
213.99	129.60	181.00	220.00
213.99	129.60	181.00	220.00
211.99	127.60	185.00	224.00
211.99	138.48	185.00	224.00
220.87	136.48	189.00	229.00
231.97	147.59	189.00	229.00
231.97	147.59	189.00	229.00
243.08	147.59	189.00	229.00
243.08	147.59	189.00	229.00
254.19	147.59	189.00	229.00
254.19	136.48	189.00	229.00
265.30	136.48	189.00	229.00
265.30	125.37	189.00	229.00
276.40	125.37	189.00	229.00
276.40	125.37	189.00	229.00
290.29	125.37	189.00	229.00
301.39	125.37	189.00	229.00
301.39	136.48	189.00	229.00
312.50	136.48	189.00	229.00
301.39	150.36	189.00	229.00
290.29	161.47	189.00	229.00
279.18	172.58	189.00	229.00
265.30	172.58	189.00	229.00
254.19	172.58	189.00	229.00
254.19	161.47	189.00	229.00
243.08	161.47	189.00	229.00
243.08	161.47	189.00	229.00
243.08	161.47	189.00	229.00
243.08	172.58	189.00	229.00
254.19	186.46	189.00	229.00
254.19	197.57	189.00	229.00
254.19	208.68	189.00	229.00
254.19	208.68	189.00	229.00
254.19	208.68	189.00	229.00
254.19	208.68	189.00	229.00
254.19	208.68	189.00	229.00
254.19	208.68	189.00	229.00
254.19	208.68	189.00	229.00
254.19	197.57	189.00	229.00
254.19	186.46	189.00	229.00
243.08	175.35	189.00	229.00
243.08	164.25	189.00	229.00
243.08	164.25	189.00	229.00
243.08	153.14	189.00	229.00
243.08	142.03	189.00	229.00
231.97	130.92	189.00	229.00
243.08	119.82	189.00	229.00
243.08	108.71	189.00	229.00
254.19	97.60	189.00	229.00
254.19	97.60	189.00	229.00
254.19	108.71	189.00	229.00
256.19	121.82	185.00	224.00
256.19	121.82	185.00	224.00
256.19	121.82	185.00	224.00
256.19	132.70	185.00	224.00
269.79	132.70	185.00	224.00
282.67	134.70	181.00	220.00
282.67	134.70	181.00	220.00
294.34	136.70	178.00	216.00
283.87	126.23	178.00	216.00
273.40	126.23	178.00	216.00
273.40	126.23	178.00	216.00
273.40	126.23	178.00	216.00
273.40	126.23	178.00	216.00
262.93	126.23	178.00	216.00
