294.00	135.00	44.00	171.00
295.00	136.00	43.00	168.00
295.00	136.00	43.00	168.00
295.00	136.00	43.00	168.00
300.39	136.00	43.00	168.00
300.39	136.00	43.00	168.00
300.39	136.00	43.00	168.00
300.39	136.00	43.00	168.00
300.39	136.00	43.00	168.00
300.39	136.00	43.00	168.00
300.39	136.00	43.00	168.00
295.00	136.00	43.00	168.00
295.00	138.00	42.00	164.00
295.00	138.00	42.00	164.00
290.78	140.00	41.00	161.00
290.78	140.00	41.00	161.00
290.78	140.00	41.00	161.00
285.67	140.00	41.00	161.00
285.67	141.00	41.00	158.00
285.67	141.00	41.00	158.00
280.58	141.00	41.00	158.00
280.58	143.00	40.00	155.00
280.58	143.00	40.00	155.00
280.58	143.00	40.00	155.00
275.60	147.98	40.00	155.00
275.60	147.98	40.00	155.00
275.60	147.98	40.00	155.00
275.60	147.98	40.00	155.00
275.60	147.98	40.00	155.00
275.60	152.97	40.00	155.00
270.61	152.97	40.00	155.00
270.61	152.97	40.00	155.00
271.61	153.97	39.00	152.00
271.61	153.97	39.00	152.00
271.61	158.84	39.00	152.00
269.17	158.84	39.00	152.00
269.17	155.97	38.00	149.00
264.40	160.74	38.00	149.00
264.40	160.74	38.00	149.00
264.40	160.74	38.00	149.00
264.40	158.74	39.00	152.00
259.52	158.74	39.00	152.00
259.52	158.74	39.00	152.00
259.52	158.74	39.00	152.00
259.52	158.74	39.00	152.00
259.52	158.74	39.00	152.00
259.52	158.74	39.00	152.00
259.52	158.74	39.00	152.00
264.40	158.74	39.00	152.00
264.40	158.74	39.00	152.00
264.40	153.86	39.00	152.00
259.52	153.86	39.00	152.00
259.52	153.86	39.00	152.00
259.52	155.86	38.00	149.00
259.52	155.86	38.00	149.00
259.52	155.86	38.00	149.00
259.52	155.86	38.00	149.00
254.74	151.09	38.00	149.00
254.74	151.09	38.00	149.00
254.74	151.09	38.00	149.00
254.74	151.09	38.00	149.00
254.74	151.09	38.00	149.00
254.74	146.31	38.00	149.00
254.74	146.31	38.00	149.00
254.74	146.31	38.00	149.00
254.74	146.31	38.00	149.00
254.74	141.53	38.00	149.00
254.74	141.53	38.00	149.00
254.74	141.53	38.00	149.00
259.52	141.53	38.00	149.00
259.52	141.53	38.00	149.00
259.52	141.53	38.00	149.00
259.52	141.53	38.00	149.00
259.52	141.53	38.00	149.00
259.52	141.53	38.00	149.00
259.52	141.53	38.00	149.00
259.52	141.53	38.00	149.00
259.52	141.53	38.00	149.00
259.52	141.53	38.00	149.00
259.52	141.53	38.00	149.00
259.52	141.53	38.00	149.00
259.52	141.53	38.00	149.00
259.52	141.53	38.00	149.00
259.52	141.53	38.00	149.00
259.52	141.53	38.00	149.00
259.52	141.53	38.00	149.00
259.52	141.53	38.00	149.00
259.52	141.53	38.00	149.00
264.29	141.53	38.00	149.00
264.29	141.53	38.00	149.00
264.29	141.53	38.00	149.00
264.29	141.53	38.00	149.00
264.29	141.53	38.00	149.00
264.29	141.53	38.00	149.00
265.49	141.53	38.00	149.00
265.49	141.53	38.00	149.00
270.26	141.53	38.00	149.00
270.26	141.53	38.00	149.00
270.26	141.53	38.00	149.00
270.26	141.53	38.00	149.00
275.04	141.53	38.00	149.00
275.04	141.53	38.00	149.00
275.04	141.53	38.00	149.00
279.82	141.53	38.00	149.00
279.82	141.53	38.00	149.00
284.59	146.31	38.00	149.00
284.59	142.53	38.00	146.00
278.73	142.53	38.00	146.00
279.73	173.85	37.00	143.00
288.90	173.85	37.00	143.00
293.49	178.44	37.00	143.00
298.08	179.44	36.00	140.00
307.05	179.44	36.00	140.00
312.53	180.44	35.00	138.00
321.31	180.44	35.00	138.00
325.70	182.44	35.00	135.00
334.31	182.44	35.00	135.00
342.92	182.44	35.00	135.00
351.53	182.44	35.00	135.00
356.91	182.44	35.00	135.00
365.52	182.44	35.00	135.00
369.83	182.44	35.00	135.00
378.44	182.44	35.00	135.00
382.74	182.44	35.00	135.00
391.35	178.13	35.00	135.00
395.65	178.13	35.00	135.00
399.96	178.13	35.00	135.00
408.57	178.13	35.00	135.00
412.87	178.13	35.00	135.00
417.18	178.13	35.00	135.00
421.48	178.13	35.00	135.00
425.79	178.13	35.00	135.00
430.09	178.13	35.00	135.00
430.09	182.44	35.00	135.00
434.40	182.44	35.00	135.00
438.70	182.44	35.00	135.00
443.01	182.44	35.00	135.00
448.39	182.44	35.00	135.00
452.69	182.44	35.00	135.00
458.08	182.44	35.00	135.00
462.38	182.44	35.00	135.00
466.69	178.13	35.00	135.00
470.99	178.13	35.00	135.00
479.60	178.13	35.00	135.00
483.91	178.13	35.00	135.00
488.21	178.13	35.00	135.00
492.52	178.13	35.00	135.00
496.82	178.13	35.00	135.00
505.43	178.13	35.00	135.00
509.74	178.13	35.00	135.00
514.04	178.13	35.00	135.00
518.34	178.13	35.00	135.00
523.73	182.44	35.00	135.00
529.11	182.44	35.00	135.00
534.49	182.44	35.00	135.00
539.87	182.44	35.00	135.00
544.17	182.44	35.00	135.00
548.48	182.44	35.00	135.00
548.48	187.74	34.00	132.00
552.68	187.74	34.00	132.00
556.88	187.74	34.00	132.00
561.08	187.74	34.00	132.00
565.29	187.74	34.00	132.00
565.29	187.74	34.00	132.00
570.54	187.74	34.00	132.00
574.74	187.74	34.00	132.00
578.94	187.74	34.00	132.00
583.14	187.74	34.00	132.00
587.34	191.94	34.00	132.00
591.54	187.74	34.00	132.00
595.75	187.74	34.00	132.00
599.95	187.74	34.00	132.00
604.15	187.74	34.00	132.00
608.35	187.74	34.00	132.00
612.55	187.74	34.00	132.00
612.55	187.74	34.00	132.00
616.75	187.74	34.00	132.00
616.75	187.74	34.00	132.00
620.96	187.74	34.00	132.00
625.16	187.74	34.00	132.00
629.36	186.74	35.00	135.00
629.36	191.05	35.00	135.00
633.66	191.05	35.00	135.00
633.66	193.35	35.00	138.00
633.66	188.96	35.00	138.00
634.76	193.35	35.00	138.00
634.76	193.35	35.00	138.00
630.37	193.35	35.00	138.00
630.37	188.96	35.00	138.00
630.37	187.86	35.00	138.00
633.76	190.16	36.00	140.00
629.28	199.13	36.00	140.00
633.76	194.64	36.00	140.00
633.76	189.16	37.00	143.00
629.17	184.57	37.00	143.00
629.17	189.16	37.00	143.00
606.24	199.33	36.00	140.00
607.24	200.33	35.00	138.00
611.63	193.75	35.00	138.00
611.63	193.75	35.00	138.00
611.63	195.75	35.00	135.00
611.63	198.90	34.00	132.00
611.63	203.10	34.00	132.00
615.83	203.10	34.00	132.00
620.03	203.10	34.00	132.00
624.23	203.10	34.00	132.00
630.48	199.90	33.00	130.00
634.65	195.74	33.00	130.00
634.65	217.59	33.00	130.00
621.12	213.43	33.00	130.00
625.28	213.43	33.00	130.00
629.44	213.43	33.00	130.00
629.44	209.27	33.00	130.00
629.44	205.10	33.00	130.00
629.44	205.10	33.00	130.00
633.61	200.94	33.00	130.00
633.61	196.78	33.00	130.00
633.61	192.61	33.00	130.00
633.61	192.61	33.00	130.00
633.61	191.57	33.00	130.00
633.61	187.41	33.00	130.00
633.61	183.24	33.00	130.00
629.44	195.74	33.00	130.00
629.44	191.57	33.00	130.00
629.44	191.57	33.00	130.00
633.61	187.41	33.00	130.00
633.61	183.24	33.00	130.00
633.61	187.41	33.00	130.00
633.61	150.89	33.00	127.00
625.45	166.19	33.00	127.00
621.37	166.19	33.00	127.00
613.21	178.42	33.00	127.00
609.14	176.42	33.00	130.00
604.97	176.42	33.00	130.00
604.97	176.42	33.00	130.00
600.81	176.42	33.00	130.00
600.81	180.59	33.00	130.00
596.64	176.42	33.00	130.00
596.64	180.59	33.00	130.00
592.48	180.59	33.00	130.00
592.48	180.59	33.00	130.00
588.32	180.59	33.00	130.00
588.32	180.59	33.00	130.00
588.32	180.59	33.00	130.00
584.15	180.59	33.00	130.00
584.15	180.59	33.00	130.00
579.99	180.59	33.00	130.00
579.99	180.59	33.00	130.00
575.83	180.59	33.00	130.00
571.66	180.59	33.00	130.00
571.66	180.59	33.00	130.00
567.50	180.59	33.00	130.00
567.50	180.59	33.00	130.00
567.50	180.59	33.00	130.00
563.33	180.59	33.00	130.00
563.33	180.59	33.00	130.00
563.33	180.59	33.00	130.00
563.33	184.75	33.00	130.00
563.33	180.59	33.00	130.00
563.33	180.59	33.00	130.00
563.33	180.59	33.00	130.00
563.33	180.59	33.00	130.00
563.33	180.59	33.00	130.00
559.17	180.59	33.00	130.00
559.17	180.59	33.00	130.00
557.09	180.59	33.00	130.00
552.93	180.59	33.00	130.00
552.93	180.59	33.00	130.00
552.93	180.59	33.00	130.00
548.76	180.59	33.00	130.00
544.60	180.59	33.00	130.00
544.60	180.59	33.00	130.00
540.43	180.59	33.00	130.00
536.27	180.59	33.00	130.00
536.27	180.59	33.00	130.00
532.11	180.59	33.00	130.00
532.11	180.59	33.00	130.00
532.11	180.59	33.00	130.00
527.94	180.59	33.00	130.00
527.94	180.59	33.00	130.00
523.78	180.59	33.00	130.00
523.78	180.59	33.00	130.00
519.62	180.59	33.00	130.00
515.45	180.59	33.00	130.00
511.29	180.59	33.00	130.00
507.12	180.59	33.00	130.00
502.96	180.59	33.00	130.00
498.80	180.59	33.00	130.00
494.63	180.59	33.00	130.00
490.47	180.59	33.00	130.00
486.31	180.59	33.00	130.00
482.14	180.59	33.00	130.00
473.81	182.59	33.00	127.00
469.74	180.59	33.00	130.00
465.57	180.59	33.00	130.00
461.41	180.59	33.00	130.00
461.41	184.75	33.00	130.00
461.41	188.91	33.00	130.00
457.24	188.91	33.00	130.00
453.08	188.91	33.00	130.00
448.92	188.91	33.00	130.00
444.75	188.91	33.00	130.00
444.75	184.75	33.00	130.00
440.59	184.75	33.00	130.00
436.43	184.75	33.00	130.00
436.43	184.75	33.00	130.00
432.26	184.75	33.00	130.00
432.26	184.75	33.00	130.00
432.26	184.75	33.00	130.00
432.26	184.75	33.00	130.00
432.26	184.75	33.00	130.00
432.26	184.75	33.00	130.00
432.26	184.75	33.00	130.00
432.26	180.59	33.00	130.00
432.26	180.59	33.00	130.00
432.26	180.59	33.00	130.00
432.26	180.59	33.00	130.00
433.30	180.59	33.00	130.00
433.30	180.59	33.00	130.00
437.47	180.59	33.00	130.00
437.47	180.59	33.00	130.00
437.47	180.59	33.00	130.00
434.34	180.59	33.00	130.00
434.34	180.59	33.00	130.00
433.34	179.59	34.00	132.00
433.34	179.59	34.00	132.00
433.34	175.38	34.00	132.00
433.34	178.59	35.00	135.00
433.34	178.59	35.00	135.00
433.34	178.59	35.00	135.00
437.65	178.59	35.00	135.00
441.95	174.28	35.00	135.00
441.95	174.28	35.00	135.00
441.95	175.28	34.00	132.00
441.95	175.28	34.00	132.00
446.16	175.28	34.00	132.00
446.16	175.28	34.00	132.00
446.16	175.28	34.00	132.00
450.36	175.28	34.00	132.00
450.36	175.28	34.00	132.00
450.36	175.28	34.00	132.00
455.56	176.28	33.00	130.00
455.56	176.28	33.00	130.00
455.56	176.28	33.00	130.00
455.56	174.20	33.00	130.00
455.56	174.20	33.00	130.00
455.56	174.20	33.00	130.00
455.56	174.20	33.00	130.00
451.39	174.20	33.00	130.00
451.39	174.20	33.00	130.00
451.39	174.20	33.00	130.00
447.23	170.04	33.00	130.00
443.07	170.04	33.00	130.00
438.90	170.04	33.00	130.00
438.90	170.04	33.00	130.00
438.90	170.04	33.00	130.00
434.74	170.04	33.00	130.00
430.58	172.04	33.00	127.00
426.50	173.04	32.00	125.00
426.50	168.05	33.00	127.00
422.42	168.05	33.00	127.00
422.42	168.05	33.00	127.00
418.34	168.05	33.00	127.00
414.26	168.05	33.00	127.00
414.26	161.97	33.00	130.00
410.10	161.97	33.00	130.00
410.10	161.97	33.00	130.00
410.10	161.97	33.00	130.00
405.93	157.81	33.00	130.00
405.93	157.81	33.00	130.00
405.93	157.81	33.00	130.00
405.93	157.81	33.00	130.00
405.93	153.64	33.00	130.00
401.77	153.64	33.00	130.00
401.77	153.64	33.00	130.00
401.77	153.64	33.00	130.00
401.77	153.64	33.00	130.00
401.77	153.64	33.00	130.00
397.61	155.64	33.00	127.00
397.61	155.64	33.00	127.00
397.61	155.64	33.00	127.00
397.61	155.64	33.00	127.00
393.53	155.64	33.00	127.00
393.53	155.64	33.00	127.00
389.45	153.64	33.00	130.00
389.45	153.64	33.00	130.00
385.29	157.81	33.00	130.00
385.29	157.81	33.00	130.00
381.12	157.81	33.00	130.00
381.12	157.81	33.00	130.00
376.96	161.97	33.00	130.00
376.96	161.97	33.00	130.00
376.96	161.97	33.00	130.00
372.79	161.97	33.00	130.00
371.79	160.97	34.00	132.00
367.59	165.17	34.00	132.00
368.59	166.17	33.00	130.00
364.43	166.17	33.00	130.00
360.27	166.17	33.00	130.00
356.10	170.34	33.00	130.00
351.94	170.34	33.00	130.00
351.94	172.34	33.00	127.00
347.86	176.42	33.00	127.00
343.78	176.42	33.00	127.00
339.70	176.42	33.00	127.00
337.66	180.49	33.00	127.00
333.59	180.49	33.00	127.00
329.51	180.49	33.00	127.00
329.51	180.49	33.00	127.00
325.43	180.49	33.00	127.00
325.43	180.49	33.00	127.00
325.43	180.49	33.00	127.00
325.43	180.49	33.00	127.00
329.51	180.49	33.00	127.00
329.51	184.57	33.00	127.00
325.43	184.57	33.00	127.00
329.51	184.57	33.00	127.00
321.35	159.08	33.00	127.00
321.35	159.08	33.00	127.00
325.43	163.16	33.00	127.00
325.43	163.16	33.00	127.00
329.51	163.16	33.00	127.00
329.51	163.16	33.00	127.00
329.51	167.24	33.00	127.00
329.51	167.24	33.00	127.00
329.51	167.24	33.00	127.00
325.43	167.24	33.00	127.00
325.43	167.24	33.00	127.00
325.43	171.32	33.00	127.00
325.43	171.32	33.00	127.00
321.35	171.32	33.00	127.00
321.35	171.32	33.00	127.00
317.27	171.32	33.00	127.00
317.27	171.32	33.00	127.00
313.19	171.32	33.00	127.00
313.19	175.40	33.00	127.00
309.11	175.40	33.00	127.00
309.11	175.40	33.00	127.00
309.11	175.40	33.00	127.00
309.11	179.47	33.00	127.00
309.11	179.47	33.00	127.00
309.11	179.47	33.00	127.00
309.11	179.47	33.00	127.00
309.11	179.47	33.00	127.00
313.19	183.55	33.00	127.00
313.19	183.55	33.00	127.00
317.27	183.55	33.00	127.00
317.27	183.55	33.00	127.00
321.35	183.55	33.00	127.00
317.27	167.24	33.00	127.00
321.35	167.24	33.00	127.00
321.35	168.24	32.00	125.00
325.33	168.24	32.00	125.00
325.33	168.24	32.00	125.00
321.35	152.30	32.00	125.00
321.35	152.30	32.00	125.00
326.33	153.30	31.00	122.00
326.33	157.18	31.00	122.00
326.33	157.18	31.00	122.00
322.45	153.30	31.00	122.00
318.57	145.54	31.00	122.00
318.57	145.54	31.00	122.00
318.57	145.54	31.00	122.00
314.69	145.54	31.00	122.00
314.69	145.54	31.00	122.00
314.69	145.54	31.00	122.00
314.69	149.42	31.00	122.00
314.69	149.42	31.00	122.00
314.69	149.42	31.00	122.00
314.69	149.42	31.00	122.00
310.81	146.54	31.00	120.00
310.81	148.54	30.00	117.00
310.81	152.30	30.00	117.00
310.81	152.30	30.00	117.00
310.81	152.30	30.00	117.00
310.81	156.05	30.00	117.00
310.81	156.05	30.00	117.00
310.81	156.05	30.00	117.00
310.81	159.81	30.00	117.00
308.93	159.81	30.00	117.00
308.93	159.81	30.00	117.00
308.93	163.57	30.00	117.00
308.93	163.57	30.00	117.00
308.93	163.57	30.00	117.00
305.17	159.81	30.00	117.00
305.17	159.81	30.00	117.00
305.17	159.81	30.00	117.00
301.41	159.81	30.00	117.00
301.41	156.05	30.00	117.00
301.41	156.05	30.00	117.00
297.65	152.30	30.00	117.00
297.65	152.30	30.00	117.00
293.90	148.54	30.00	117.00
293.90	149.54	30.00	115.00
293.90	149.54	30.00	115.00
294.90	146.85	29.00	113.00
294.90	146.85	29.00	113.00
294.90	146.85	29.00	113.00
294.90	146.85	29.00	113.00
298.49	146.85	29.00	113.00
298.49	146.85	29.00	113.00
298.49	146.85	29.00	113.00
298.49	143.26	29.00	113.00
298.49	143.26	29.00	113.00
298.49	143.26	29.00	113.00
302.07	143.26	29.00	113.00
302.07	143.26	29.00	113.00
302.07	140.68	28.00	111.00
302.07	141.68	28.00	108.00
303.07	139.21	27.00	106.00
303.07	136.84	27.00	104.00
303.07	134.48	26.00	102.00
306.33	135.48	26.00	100.00
307.33	136.48	25.00	98.00
307.33	134.34	25.00	96.00
307.33	134.34	25.00	96.00
307.33	134.34	25.00	96.00
307.33	134.34	25.00	96.00
310.41	134.34	25.00	96.00
310.41	134.34	25.00	96.00
310.41	131.27	25.00	96.00
307.33	131.27	25.00	96.00
308.10	131.27	25.00	96.00
308.10	128.20	25.00	96.00
308.10	128.20	25.00	96.00
308.10	128.20	25.00	96.00
308.10	128.20	25.00	96.00
308.10	128.20	25.00	96.00
305.80	128.20	25.00	96.00
305.80	128.20	25.00	96.00
305.80	128.20	25.00	96.00
305.80	125.13	25.00	96.00
305.80	125.13	25.00	96.00
302.73	122.05	25.00	96.00
302.73	123.05	24.00	94.00
302.73	120.08	24.00	94.00
299.75	116.36	24.00	94.00
299.75	113.38	24.00	94.00
299.75	110.40	24.00	94.00
299.75	110.40	24.00	94.00
296.77	107.42	24.00	94.00
296.77	104.45	24.00	94.00
293.80	101.47	24.00	94.00
293.80	101.47	24.00	94.00
290.82	101.47	24.00	94.00
290.82	98.49	24.00	94.00
287.84	98.49	24.00	94.00
287.84	98.49	24.00	94.00
287.84	98.49	24.00	94.00
284.87	98.49	24.00	94.00
284.87	98.49	24.00	94.00
284.87	98.49	24.00	94.00
284.87	98.49	24.00	94.00
281.89	95.52	24.00	94.00
281.89	95.52	24.00	94.00
281.89	92.54	24.00	94.00
281.89	90.56	24.00	93.00
281.89	90.56	24.00	93.00
279.92	88.59	23.00	91.00
282.79	86.72	23.00	89.00
282.79	87.72	22.00	87.00
282.79	87.72	22.00	87.00
282.79	84.96	22.00	86.00
280.04	83.21	22.00	84.00
281.04	84.21	21.00	82.00
281.04	82.57	21.00	81.00
278.47	83.57	20.00	79.00
281.01	81.04	20.00	79.00
278.47	82.04	20.00	77.00
278.47	82.04	20.00	76.00
276.02	82.04	20.00	76.00
276.02	82.04	20.00	76.00
277.02	83.04	19.00	74.00
274.67	81.68	19.00	73.00
274.67	79.34	19.00	73.00
272.32	79.34	18.00	72.00
272.32	80.34	18.00	70.00
270.08	78.10	18.00	70.00
270.08	78.10	18.00	70.00
267.84	78.10	18.00	70.00
267.84	75.85	18.00	70.00
265.60	73.61	18.00	70.00
265.60	70.37	18.00	72.00
265.60	68.11	18.00	72.00
265.60	68.11	18.00	72.00
263.34	68.11	18.00	72.00
263.34	68.11	18.00	72.00
263.34	68.11	18.00	72.00
263.34	68.11	18.00	72.00
263.34	68.11	18.00	72.00
263.34	65.85	18.00	72.00
264.47	67.54	19.00	73.00
264.47	66.54	19.00	74.00
264.47	68.90	19.00	74.00
263.47	67.90	20.00	76.00
265.92	72.80	20.00	76.00
265.92	72.80	20.00	77.00
265.92	75.25	20.00	77.00
267.76	75.25	20.00	77.00
267.76	77.71	20.00	77.00
267.76	77.71	20.00	77.00
267.76	77.71	20.00	76.00
270.21	77.71	20.00	76.00
270.21	77.71	20.00	76.00
270.21	75.26	20.00	76.00
270.21	75.26	20.00	76.00
271.21	76.26	19.00	74.00
271.21	76.26	19.00	74.00
271.21	76.26	19.00	74.00
270.21	77.62	20.00	76.00
272.66	77.62	20.00	76.00
272.66	82.52	20.00	76.00
272.66	87.41	20.00	76.00
272.66	89.86	20.00	76.00
275.11	92.31	20.00	76.00
275.11	94.76	20.00	76.00
275.11	94.76	20.00	76.00
277.55	97.21	20.00	76.00
280.00	97.21	20.00	76.00
282.45	97.21	20.00	76.00
285.51	97.21	20.00	76.00
287.96	98.43	20.00	76.00
290.41	98.43	20.00	76.00
293.86	99.43	19.00	74.00
296.21	99.43	19.00	74.00
296.21	98.08	19.00	73.00
298.56	95.73	19.00	73.00
300.90	95.73	19.00	73.00
303.25	95.73	19.00	73.00
305.59	95.73	19.00	73.00
307.94	95.73	19.00	73.00
310.29	98.08	19.00	73.00
310.29	100.42	19.00	73.00
310.29	105.11	19.00	73.00
310.29	107.46	19.00	73.00
312.63	112.74	19.00	73.00
312.63	117.43	19.00	73.00
312.63	119.36	19.00	74.00
312.63	126.42	19.00	74.00
312.63	128.78	19.00	74.00
312.63	133.49	19.00	74.00
312.63	130.55	19.00	74.00
314.99	130.55	19.00	74.00
317.34	130.55	19.00	74.00
317.34	130.55	19.00	74.00
319.70	127.01	19.00	74.00
322.05	127.01	19.00	74.00
324.41	127.01	19.00	74.00
326.76	124.66	19.00	74.00
329.12	124.66	19.00	74.00
331.47	124.66	19.00	74.00
333.83	124.66	19.00	74.00
337.95	124.66	19.00	74.00
340.30	123.48	19.00	74.00
340.30	123.48	19.00	74.00
342.66	123.48	19.00	74.00
345.01	123.48	19.00	74.00
346.19	123.48	19.00	74.00
347.37	123.48	19.00	74.00
347.96	123.48	19.00	74.00
350.31	123.48	19.00	74.00
348.55	123.48	19.00	74.00
348.55	125.84	19.00	74.00
349.72	125.84	19.00	74.00
349.72	125.84	19.00	74.00
349.72	125.84	19.00	74.00
349.72	126.84	19.00	73.00
350.90	126.84	19.00	73.00
350.90	126.84	19.00	73.00
353.24	126.25	19.00	73.00
353.24	122.90	19.00	74.00
353.24	122.90	19.00	74.00
355.60	122.90	19.00	74.00
355.60	122.90	19.00	74.00
355.60	122.90	19.00	74.00
355.60	122.90	19.00	74.00
357.95	122.90	19.00	74.00
357.95	122.90	19.00	74.00
357.95	122.90	19.00	74.00
357.95	122.90	19.00	74.00
357.95	125.26	19.00	74.00
356.77	125.26	19.00	74.00
356.77	126.26	19.00	73.00
354.43	126.26	19.00	73.00
354.43	128.60	18.00	72.00
354.43	128.60	18.00	72.00
354.43	128.60	18.00	72.00
352.17	130.87	18.00	72.00
353.86	131.87	18.00	70.00
355.55	131.87	18.00	70.00
357.79	131.87	18.00	70.00
360.59	131.87	18.00	70.00
365.07	131.87	18.00	70.00
367.32	131.87	18.00	70.00
365.07	129.62	18.00	70.00
367.32	128.62	18.00	72.00
369.58	128.62	18.00	72.00
371.84	128.62	18.00	72.00
374.10	128.62	18.00	72.00
376.36	128.62	18.00	72.00
376.36	128.06	18.00	72.00
376.36	128.06	18.00	72.00
376.36	128.06	18.00	72.00
376.36	128.06	18.00	72.00
376.36	128.06	18.00	72.00
376.36	128.06	18.00	72.00
376.36	128.06	19.00	73.00
376.36	124.71	19.00	74.00
376.36	124.71	19.00	74.00
376.36	124.71	19.00	74.00
378.72	124.71	19.00	74.00
378.72	122.36	19.00	74.00
378.72	122.36	19.00	74.00
381.07	122.36	19.00	74.00
381.07	120.00	19.00	74.00
383.43	120.00	19.00	74.00
383.43	117.65	19.00	74.00
383.43	115.29	19.00	74.00
383.43	116.29	19.00	73.00
383.43	113.95	19.00	73.00
383.43	113.95	19.00	73.00
383.43	111.60	19.00	73.00
383.43	109.26	19.00	73.00
383.43	106.91	19.00	73.00
383.43	104.57	19.00	73.00
383.43	104.57	19.00	73.00
381.08	102.22	19.00	73.00
378.74	102.22	19.00	73.00
378.74	102.22	19.00	73.00
378.74	98.88	19.00	74.00
378.74	98.88	19.00	74.00
376.38	102.23	19.00	73.00
376.38	102.23	19.00	73.00
376.38	102.23	19.00	73.00
376.38	102.23	19.00	73.00
376.38	102.23	19.00	73.00
376.38	102.23	19.00	73.00
375.21	104.58	19.00	73.00
375.21	104.58	19.00	73.00
375.21	104.58	19.00	73.00
375.21	106.92	18.00	72.00
375.21	106.92	18.00	72.00
375.21	106.92	18.00	72.00
375.21	109.18	18.00	72.00
375.21	109.18	18.00	72.00
375.21	109.18	18.00	72.00
375.21	111.44	18.00	72.00
375.21	111.44	18.00	72.00
375.21	111.44	18.00	72.00
375.21	111.44	18.00	72.00
375.21	110.18	18.00	70.00
375.21	112.42	18.00	70.00
375.21	112.42	18.00	70.00
377.45	112.42	18.00	70.00
377.45	112.42	18.00	70.00
377.45	112.42	18.00	70.00
377.45	112.42	18.00	70.00
377.45	113.42	18.00	69.00
377.45	113.42	18.00	69.00
377.45	113.42	18.00	69.00
377.45	113.42	18.00	69.00
377.45	113.42	18.00	69.00
377.45	113.42	18.00	69.00
377.45	113.42	18.00	69.00
378.45	114.42	17.00	67.00
378.45	114.42	17.00	67.00
378.45	116.56	17.00	67.00
378.45	116.56	17.00	67.00
378.45	116.56	17.00	67.00
376.31	116.56	17.00	67.00
375.78	116.56	17.00	67.00
373.64	114.42	17.00	67.00
373.10	114.42	17.00	67.00
370.97	114.42	17.00	67.00
370.97	114.42	17.00	67.00
368.83	114.42	17.00	67.00
368.83	114.42	17.00	67.00
366.69	114.42	17.00	67.00
364.55	112.29	17.00	67.00
364.55	112.29	17.00	67.00
362.41	112.29	17.00	67.00
362.41	112.29	17.00	67.00
360.27	110.15	17.00	66.00
358.14	111.15	17.00	65.00
356.08	111.15	17.00	65.00
355.05	109.08	17.00	65.00
352.99	109.08	17.00	65.00
352.99	107.02	17.00	65.00
352.47	107.02	17.00	65.00
350.41	107.02	17.00	65.00
348.35	104.96	16.00	64.00
348.35	105.96	16.00	62.00
347.86	105.96	16.00	62.00
347.86	105.96	16.00	62.00
347.86	105.96	16.00	62.00
345.90	105.96	16.00	62.00
345.90	105.96	16.00	62.00
335.61	104.00	16.00	62.00
333.65	104.00	16.00	62.00
333.65	104.00	16.00	62.00
331.69	105.00	16.00	61.00
329.74	105.00	16.00	61.00
327.79	105.00	16.00	61.00
325.84	105.00	16.00	61.00
325.84	105.00	16.00	61.00
323.40	105.00	16.00	61.00
321.45	105.00	16.00	61.00
321.45	105.00	16.00	61.00
319.50	105.95	16.00	62.00
317.54	104.99	16.00	61.00
315.59	106.94	16.00	61.00
315.59	106.94	16.00	61.00
313.64	106.94	16.00	61.00
311.69	108.89	16.00	61.00
311.69	108.89	16.00	61.00
309.74	109.38	16.00	61.00
307.79	109.38	16.00	61.00
306.33	110.84	16.00	61.00
307.33	110.84	15.00	60.00
305.41	112.76	15.00	60.00
303.49	112.76	15.00	60.00
303.49	112.76	15.00	60.00
301.57	114.68	15.00	60.00
301.57	114.68	15.00	60.00
299.64	114.68	15.00	60.00
299.64	116.60	15.00	60.00
299.64	116.60	15.00	60.00
297.72	118.05	15.00	60.00
296.72	118.05	16.00	61.00
296.72	118.05	16.00	61.00
294.77	118.05	16.00	61.00
294.77	119.99	16.00	61.00
290.87	120.94	16.00	62.00
290.87	120.94	16.00	62.00
290.87	122.90	16.00	62.00
290.87	121.92	16.00	62.00
291.36	121.92	16.00	62.00
291.36	119.96	16.00	62.00
291.36	119.96	16.00	62.00
291.36	119.96	16.00	62.00
291.36	118.01	16.00	62.00
289.89	116.05	16.00	62.00
289.89	116.05	16.00	62.00
287.93	115.05	16.00	64.00
287.93	115.05	16.00	64.00
287.93	115.05	16.00	64.00
287.93	115.05	16.00	64.00
287.93	115.05	16.00	64.00
286.41	117.08	16.00	64.00
287.93	117.08	16.00	64.00
290.99	116.05	16.00	62.00
294.91	119.01	16.00	61.00
296.86	119.01	16.00	61.00
299.81	119.01	15.00	60.00
303.17	119.01	15.00	60.00
305.09	119.01	15.00	60.00
307.01	119.01	15.00	60.00
308.93	117.08	15.00	60.00
310.86	117.08	15.00	60.00
312.78	117.08	15.00	60.00
315.66	117.08	15.00	60.00
318.06	117.08	15.00	60.00
319.98	117.08	15.00	60.00
321.91	117.08	15.00	60.00
322.83	117.08	16.00	61.00
324.78	117.08	16.00	61.00
327.73	117.08	15.00	60.00
329.65	117.08	15.00	60.00
331.57	117.08	15.00	60.00
333.49	117.08	15.00	60.00
335.42	117.08	15.00	60.00
337.34	117.08	15.00	60.00
337.82	118.08	15.00	59.00
339.67	118.08	15.00	59.00
343.39	118.08	15.00	58.00
345.23	119.93	15.00	58.00
345.23	119.93	15.00	58.00
347.08	119.93	15.00	58.00
347.08	119.93	15.00	58.00
348.93	119.93	15.00	58.00
350.77	119.93	15.00	58.00
352.62	119.93	15.00	58.00
352.62	121.78	15.00	58.00
354.00	121.78	15.00	58.00
354.00	119.93	15.00	58.00
354.00	120.93	15.00	56.00
354.00	120.93	15.00	56.00
355.83	120.93	15.00	56.00
357.20	120.93	15.00	56.00
357.20	120.93	15.00	56.00
357.20	120.93	15.00	56.00
359.03	120.93	15.00	56.00
360.85	120.93	15.00	56.00
362.68	120.93	15.00	56.00
364.51	120.93	15.00	56.00
366.33	119.93	15.00	58.00
368.18	118.08	15.00	58.00
370.03	118.08	15.00	58.00
371.87	118.08	15.00	59.00
376.05	118.08	15.00	58.00
377.89	118.08	15.00	58.00
381.59	119.93	15.00	58.00
383.89	119.93	15.00	58.00
386.20	119.93	15.00	58.00
388.51	119.93	15.00	58.00
392.20	119.93	15.00	58.00
394.05	119.93	15.00	58.00
395.90	119.93	15.00	58.00
398.20	120.93	15.00	56.00
399.57	122.76	15.00	56.00
402.77	121.84	15.00	56.00
404.60	121.84	15.00	56.00
406.42	121.84	15.00	56.00
406.42	120.02	15.00	56.00
408.25	120.02	15.00	56.00
408.25	120.02	15.00	56.00
408.25	120.02	15.00	56.00
408.25	121.84	15.00	56.00
408.25	121.84	15.00	56.00
408.25	121.84	15.00	56.00
408.25	121.84	15.00	56.00
406.42	123.67	15.00	56.00
404.60	123.67	15.00	56.00
404.60	123.67	15.00	56.00
402.77	123.67	15.00	56.00
402.77	125.50	15.00	56.00
400.94	125.50	15.00	56.00
400.94	126.87	15.00	56.00
400.94	126.87	15.00	56.00
400.94	128.69	15.00	56.00
400.94	129.69	14.00	55.00
400.07	133.18	14.00	55.00
400.07	134.92	14.00	55.00
400.07	137.41	15.00	56.00
400.07	139.23	15.00	56.00
400.07	141.06	15.00	56.00
400.07	141.97	15.00	56.00
400.07	143.80	15.00	56.00
400.07	144.80	14.00	55.00
400.07	146.54	14.00	55.00
400.07	146.54	14.00	55.00
400.07	148.29	14.00	55.00
398.33	150.03	14.00	55.00
400.07	150.03	14.00	55.00
398.33	151.77	14.00	54.00
398.33	153.51	14.00	54.00
398.33	155.24	14.00	54.00
398.33	156.97	14.00	54.00
398.33	156.97	14.00	54.00
398.33	157.97	14.00	53.00
398.33	158.70	14.00	54.00
400.06	158.70	14.00	54.00
400.06	159.70	14.00	53.00
401.79	161.42	14.00	53.00
401.79	161.42	14.00	53.00
403.51	162.14	14.00	54.00
403.51	163.14	14.00	53.00
406.23	163.14	13.00	52.00
407.87	165.78	13.00	51.00
407.87	165.78	13.00	51.00
409.50	165.78	13.00	51.00
409.50	165.78	13.00	51.00
409.50	165.78	13.00	51.00
409.50	165.78	13.00	51.00
409.50	165.78	13.00	51.00
409.50	164.78	13.00	52.00
411.14	164.78	13.00	52.00
411.14	164.78	13.00	52.00
410.14	164.78	14.00	53.00
408.42	165.50	14.00	54.00
408.42	167.67	14.00	54.00
406.69	169.84	14.00	54.00
404.52	175.04	14.00	55.00
401.03	183.75	14.00	55.00
401.03	187.24	14.00	54.00
401.03	189.40	14.00	54.00
399.30	192.14	14.00	53.00
397.58	190.41	14.00	53.00
396.85	192.14	13.00	52.00
396.85	192.14	13.00	52.00
394.80	195.19	13.00	51.00
393.17	195.19	13.00	51.00
391.54	196.82	13.00	51.00
389.91	196.82	13.00	51.00
388.69	196.82	13.00	51.00
388.69	196.82	13.00	51.00
388.69	197.45	13.00	52.00
388.69	197.45	13.00	52.00
388.69	197.45	13.00	52.00
388.69	195.81	13.00	52.00
388.69	194.17	13.00	52.00
388.28	192.53	13.00	52.00
385.23	192.53	14.00	53.00
386.96	188.08	14.00	54.00
386.96	185.05	14.00	54.00
386.96	185.05	14.00	55.00
386.96	182.30	15.00	56.00
386.96	183.59	15.00	58.00
388.80	183.59	15.00	58.00
388.80	183.59	15.00	58.00
388.80	183.59	15.00	58.00
390.65	185.43	15.00	58.00
390.65	187.28	15.00	59.00
390.65	188.14	15.00	60.00
389.65	188.14	16.00	61.00
389.65	188.14	16.00	61.00
389.65	190.09	16.00	61.00
389.65	192.04	16.00	61.00
390.14	193.99	16.00	61.00
390.14	195.94	16.00	61.00
392.09	195.94	16.00	61.00
394.52	197.89	16.00	61.00
396.47	198.84	16.00	62.00
400.39	197.84	16.00	64.00
404.46	198.85	17.00	65.00
404.46	198.88	17.00	66.00
406.59	198.88	17.00	66.00
406.59	198.88	17.00	66.00
407.66	201.01	17.00	66.00
407.66	198.88	17.00	66.00
407.66	198.88	17.00	66.00
407.66	196.76	17.00	66.00
408.19	196.76	17.00	66.00
410.32	197.76	17.00	65.00
412.38	198.27	17.00	65.00
414.44	198.27	17.00	65.00
418.57	197.76	17.00	65.00
420.63	195.69	16.00	64.00
422.67	196.69	16.00	62.00
424.63	196.69	16.00	62.00
424.63	196.69	16.00	62.00
426.59	196.69	16.00	62.00
428.55	196.69	16.00	62.00
428.55	196.69	16.00	62.00
430.50	198.65	16.00	62.00
430.50	200.61	16.00	62.00
430.50	200.61	16.00	62.00
430.50	200.61	16.00	62.00
430.50	200.61	16.00	62.00
430.50	198.65	16.00	62.00
430.50	198.65	16.00	62.00
432.46	198.65	16.00	62.00
432.95	197.65	16.00	64.00
432.95	197.65	16.00	64.00
430.92	199.69	17.00	65.00
430.92	200.75	17.00	66.00
429.85	200.75	17.00	67.00
427.72	200.75	17.00	67.00
426.72	197.61	18.00	69.00
426.72	196.61	18.00	70.00
429.52	194.37	18.00	70.00
431.76	194.37	18.00	70.00
434.00	196.61	18.00	70.00
435.68	198.85	18.00	70.00
435.68	199.85	18.00	69.00
437.92	202.09	18.00	69.00
437.92	199.85	18.00	69.00
439.59	199.85	18.00	69.00
439.59	197.62	18.00	69.00
441.26	197.06	18.00	69.00
444.50	195.83	17.00	67.00
442.36	197.97	17.00	67.00
441.36	199.11	18.00	69.00
440.24	200.34	18.00	70.00
438.00	205.39	18.00	70.00
438.00	207.63	18.00	70.00
438.00	209.87	18.00	70.00
440.24	211.11	18.00	72.00
442.50	215.63	18.00	72.00
444.76	217.90	18.00	72.00
447.03	215.63	18.00	72.00
449.29	217.90	19.00	73.00
449.29	217.90	19.00	73.00
451.63	215.55	19.00	73.00
453.98	215.55	19.00	73.00
456.32	214.55	19.00	74.00
456.32	210.84	19.00	73.00
458.67	208.49	19.00	73.00
461.01	203.80	19.00	73.00
458.67	201.46	18.00	72.00
458.67	198.63	18.00	72.00
456.41	198.63	18.00	72.00
454.15	198.63	18.00	72.00
451.88	200.63	18.00	69.00
451.88	204.10	18.00	70.00
451.88	207.58	18.00	72.00
449.62	212.10	19.00	73.00
447.28	211.10	19.00	74.00
447.28	213.46	19.00	74.00
444.33	216.81	18.00	72.00
442.07	218.81	18.00	69.00
443.07	219.81	17.00	67.00
442.00	221.95	17.00	67.00
442.00	223.56	17.00	67.00
442.00	224.09	17.00	66.00
442.00	225.15	17.00	66.00
441.47	225.15	17.00	66.00
441.47	225.15	17.00	66.00
442.00	225.15	17.00	67.00
442.07	224.15	18.00	69.00
445.30	225.15	17.00	67.00
445.30	225.15	17.00	67.00
444.30	224.15	18.00	69.00
444.86	224.15	18.00	69.00
444.86	223.15	18.00	70.00
443.74	223.15	18.00	70.00
441.50	223.15	18.00	70.00
441.50	223.15	18.00	70.00
439.26	222.15	18.00	72.00
439.26	224.42	18.00	72.00
439.26	226.68	18.00	72.00
439.26	226.68	18.00	72.00
441.52	226.68	18.00	72.00
439.26	226.68	18.00	72.00
439.26	226.68	18.00	72.00
437.00	226.68	18.00	72.00
437.00	227.68	18.00	70.00
435.88	227.68	18.00	70.00
433.63	229.92	18.00	70.00
433.63	228.80	18.00	70.00
433.63	228.80	18.00	70.00
433.63	228.80	18.00	70.00
433.63	228.80	18.00	70.00
432.51	228.80	18.00	70.00
432.51	228.80	18.00	70.00
430.27	228.80	18.00	70.00
430.27	228.80	18.00	70.00
430.27	228.80	18.00	70.00
428.03	226.56	18.00	70.00
426.35	227.56	18.00	69.00
424.11	223.65	18.00	69.00
421.88	221.42	18.00	69.00
419.65	219.19	18.00	69.00
417.42	216.40	18.00	69.00
417.42	214.16	18.00	69.00
416.30	211.37	18.00	69.00
416.30	209.14	18.00	69.00
416.30	206.91	18.00	69.00
416.30	204.68	18.00	69.00
418.53	201.89	18.00	69.00
418.53	199.66	18.00	69.00
420.77	197.42	18.00	69.00
421.88	191.96	18.00	70.00
421.88	191.96	18.00	70.00
424.12	189.72	18.00	70.00
425.25	188.60	18.00	70.00
425.25	188.60	18.00	70.00
425.25	186.35	18.00	70.00
425.25	186.35	18.00	70.00
425.25	186.35	18.00	70.00
425.25	184.11	18.00	70.00
423.56	184.11	18.00	70.00
423.56	181.87	18.00	70.00
423.56	181.87	18.00	70.00
423.56	181.87	18.00	70.00
423.56	181.87	18.00	70.00
423.56	179.63	18.00	70.00
423.56	179.63	18.00	70.00
424.12	177.39	18.00	70.00
426.37	177.39	18.00	70.00
426.37	177.39	18.00	70.00
428.61	177.39	18.00	70.00
428.61	177.39	18.00	70.00
428.61	177.39	18.00	70.00
429.73	177.39	18.00	70.00
429.73	177.39	18.00	70.00
431.97	177.39	18.00	70.00
431.97	177.39	18.00	70.00
431.97	179.63	18.00	70.00
431.97	179.63	18.00	70.00
431.97	181.87	18.00	70.00
431.97	181.87	18.00	70.00
431.97	184.11	18.00	70.00
431.97	186.35	18.00	70.00
431.97	186.35	18.00	70.00
431.97	186.35	18.00	70.00
431.97	188.60	18.00	70.00
434.21	188.60	18.00	70.00
434.21	190.84	18.00	70.00
434.21	193.08	18.00	70.00
434.21	195.32	18.00	70.00
434.21	197.56	18.00	70.00
434.21	199.81	18.00	70.00
434.21	202.05	18.00	70.00
434.21	206.53	18.00	70.00
434.21	206.53	18.00	70.00
431.97	208.77	18.00	70.00
429.73	211.02	18.00	70.00
429.73	213.26	18.00	70.00
427.49	217.74	18.00	70.00
428.61	217.74	18.00	70.00
426.37	220.54	18.00	70.00
426.37	222.79	18.00	70.00
426.37	227.27	18.00	70.00
426.37	229.51	18.00	70.00
426.37	227.27	18.00	70.00
426.37	229.51	18.00	70.00
426.37	229.51	18.00	70.00
426.37	229.51	18.00	70.00
426.37	229.51	18.00	70.00
428.61	229.51	18.00	70.00
426.37	229.51	18.00	70.00
428.61	229.51	18.00	70.00
426.37	229.51	18.00	70.00
428.61	229.51	18.00	70.00
428.61	229.51	18.00	70.00
428.61	229.51	18.00	70.00
428.61	229.51	18.00	70.00
428.61	229.51	18.00	70.00
428.61	229.51	18.00	70.00
428.61	229.51	18.00	70.00
428.61	229.51	18.00	70.00
428.61	231.75	18.00	70.00
429.17	229.51	18.00	70.00
430.29	229.51	18.00	70.00
430.29	229.51	18.00	70.00
431.41	227.27	18.00	70.00
431.41	229.51	18.00	70.00
431.41	227.27	18.00	70.00
431.41	227.27	18.00	70.00
431.41	227.27	18.00	70.00
431.41	227.27	18.00	70.00
431.41	227.27	18.00	70.00
431.41	228.39	18.00	70.00
431.41	227.27	18.00	70.00
431.41	227.27	18.00	70.00
431.41	227.27	18.00	70.00
431.41	227.27	18.00	70.00
429.17	227.27	18.00	70.00
429.17	227.27	18.00	70.00
427.49	227.27	18.00	70.00
427.49	227.27	18.00	70.00
427.49	227.27	18.00	70.00
425.25	225.03	18.00	70.00
425.25	227.27	18.00	70.00
425.25	226.03	18.00	69.00
424.01	227.03	17.00	67.00
424.01	227.03	17.00	67.00
424.01	227.03	17.00	66.00
422.42	228.03	17.00	65.00
422.93	228.03	16.00	64.00
422.93	229.55	16.00	64.00
422.93	229.55	16.00	64.00
422.93	228.52	16.00	62.00
422.93	229.52	16.00	61.00
422.93	229.52	16.00	61.00
423.93	229.52	15.00	60.00
423.93	232.44	15.00	59.00
424.86	232.44	15.00	59.00
424.86	232.44	15.00	58.00
424.86	233.44	15.00	56.00
426.23	234.44	14.00	55.00
426.23	234.44	14.00	55.00
426.23	234.44	14.00	55.00
426.23	233.44	15.00	56.00
424.86	233.44	15.00	56.00
426.69	233.44	15.00	56.00
426.69	234.27	15.00	58.00
426.69	232.42	15.00	58.00
426.69	232.42	15.00	59.00
426.69	231.42	15.00	60.00
425.69	233.34	16.00	61.00
425.69	232.34	16.00	62.00
423.73	233.30	16.00	64.00
423.73	233.30	17.00	65.00
423.73	232.30	17.00	66.00
423.73	234.43	17.00	66.00
423.20	232.30	17.00	66.00
421.07	234.43	17.00	66.00
421.07	232.30	17.00	66.00
421.07	232.30	17.00	66.00
418.94	232.30	17.00	66.00
419.47	232.30	17.00	66.00
417.87	232.30	17.00	66.00
417.87	232.30	17.00	67.00
417.87	232.30	17.00	67.00
417.87	232.30	17.00	67.00
417.87	230.16	17.00	66.00
417.87	230.16	17.00	66.00
417.87	230.16	17.00	66.00
417.87	230.16	17.00	66.00
417.87	230.16	17.00	66.00
416.81	228.04	17.00	66.00
416.81	228.04	17.00	66.00
416.81	228.04	17.00	66.00
416.81	228.04	17.00	66.00
416.28	225.91	17.00	66.00
414.15	223.78	17.00	66.00
414.15	222.65	17.00	65.00
414.15	222.65	17.00	65.00
412.09	220.59	17.00	65.00
412.09	218.52	17.00	65.00
410.02	218.52	17.00	65.00
405.90	216.46	17.00	65.00
403.32	216.46	17.00	65.00
397.64	210.27	17.00	65.00
395.58	208.21	17.00	65.00
393.00	206.15	17.00	65.00
390.42	206.15	17.00	65.00
388.36	205.15	17.00	66.00
386.23	205.15	17.00	66.00
383.04	209.93	17.00	67.00
378.30	208.93	18.00	69.00
376.07	208.93	18.00	69.00
374.39	211.17	18.00	69.00
374.39	215.63	18.00	69.00
372.16	212.40	18.00	70.00
369.92	213.64	18.00	72.00
367.09	211.38	18.00	72.00
364.83	213.64	18.00	72.00
362.57	213.64	18.00	72.00
362.57	211.38	18.00	72.00
363.13	211.38	18.00	72.00
365.39	209.12	18.00	72.00
367.66	212.38	18.00	70.00
367.66	213.38	18.00	69.00
367.66	213.38	18.00	69.00
370.89	216.61	17.00	67.00
373.03	216.61	17.00	66.00
373.03	219.74	17.00	65.00
373.03	219.74	16.00	64.00
373.03	217.70	16.00	64.00
373.03	218.70	16.00	62.00
374.99	219.70	16.00	61.00
374.99	221.65	16.00	61.00
376.94	222.60	16.00	62.00
377.92	225.05	16.00	62.00
379.88	226.01	16.00	64.00
379.88	232.63	16.00	64.00
379.88	235.68	16.00	64.00
381.91	237.72	16.00	64.00
381.91	241.79	17.00	65.00
383.97	243.85	17.00	65.00
383.97	244.40	17.00	66.00
381.84	244.40	17.00	66.00
381.84	246.52	17.00	66.00
386.10	244.40	17.00	66.00
388.23	246.52	17.00	66.00
390.89	246.52	17.00	66.00
395.15	246.52	17.00	66.00
395.15	249.65	17.00	65.00
397.21	251.72	17.00	65.00
397.21	253.78	17.00	65.00
397.21	253.78	17.00	65.00
399.27	255.84	17.00	65.00
399.27	255.84	17.00	65.00
397.73	255.84	17.00	65.00
396.18	255.84	17.00	65.00
394.12	253.78	16.00	64.00
394.12	253.78	16.00	64.00
392.08	252.74	16.00	62.00
392.08	253.74	16.00	61.00
391.13	253.74	15.00	60.00
389.21	257.59	15.00	60.00
387.77	257.59	15.00	60.00
386.77	261.43	16.00	61.00
387.77	265.33	15.00	60.00
389.69	263.41	15.00	60.00
391.61	262.49	15.00	59.00
391.61	264.34	15.00	58.00
391.61	265.34	15.00	56.00
392.98	268.17	14.00	55.00
392.98	268.17	14.00	54.00
392.98	273.80	14.00	54.00
392.12	273.80	14.00	54.00
392.12	272.07	14.00	54.00
392.12	270.34	14.00	54.00
392.12	268.60	14.00	54.00
392.12	266.44	14.00	54.00
392.12	262.97	14.00	54.00
392.12	260.80	14.00	54.00
393.85	255.60	14.00	54.00
393.85	253.87	14.00	54.00
392.98	252.14	14.00	54.00
392.55	250.41	14.00	54.00
392.55	246.94	14.00	54.00
392.55	243.47	14.00	54.00
390.82	242.74	14.00	53.00
391.68	239.29	14.00	53.00
391.39	225.08	13.00	52.00
392.21	224.44	13.00	51.00
392.21	226.07	13.00	50.00
393.83	226.07	13.00	50.00
395.45	226.07	13.00	50.00
397.06	227.69	13.00	50.00
399.49	227.69	13.00	50.00
400.71	224.45	13.00	50.00
400.71	224.45	13.00	50.00
402.33	221.21	13.00	50.00
403.95	219.59	13.00	50.00
405.57	221.21	13.00	50.00
407.19	219.59	13.00	50.00
407.19	207.84	13.00	50.00
408.81	209.46	13.00	50.00
410.43	217.97	13.00	50.00
410.43	217.97	13.00	50.00
410.43	216.35	13.00	50.00
412.05	217.35	13.00	49.00
396.90	202.19	12.00	48.00
391.93	204.34	12.00	47.00
393.07	209.27	12.00	47.00
393.07	209.27	12.00	46.00
391.98	210.72	12.00	46.00
390.53	210.27	12.00	45.00
390.09	208.83	11.00	44.00
389.03	206.00	11.00	44.00
387.62	204.17	11.00	43.00
386.61	204.17	11.00	43.00
385.26	203.84	11.00	43.00
382.57	205.18	11.00	43.00
381.22	206.53	11.00	43.00
378.52	206.53	11.00	43.00
377.18	207.88	11.00	43.00
375.16	209.23	11.00	43.00
372.80	210.57	11.00	43.00
372.80	213.27	11.00	43.00
372.80	213.62	11.00	44.00
371.38	217.85	11.00	44.00
369.27	219.62	11.00	44.00
366.15	221.39	12.00	45.00
363.26	224.27	12.00	45.00
361.82	226.07	12.00	45.00
360.74	223.63	12.00	46.00
359.65	223.63	12.00	46.00
359.65	223.63	12.00	46.00
358.20	223.99	12.00	46.00
358.20	225.44	12.00	46.00
357.84	227.53	12.00	45.00
371.89	236.54	12.00	45.00
377.21	235.10	11.00	44.00
376.15	236.51	11.00	44.00
376.15	237.92	11.00	44.00
376.15	241.75	11.00	43.00
376.15	241.75	11.00	43.00
374.81	243.10	11.00	43.00
375.48	243.10	11.00	43.00
374.81	243.10	11.00	43.00
375.48	244.44	11.00	43.00
374.13	245.79	11.00	43.00
374.13	247.14	11.00	43.00
373.46	247.14	11.00	43.00
373.46	247.14	11.00	43.00
373.12	244.78	11.00	43.00
371.44	244.78	11.00	43.00
370.09	245.79	11.00	43.00
369.08	245.79	11.00	43.00
368.41	247.14	11.00	43.00
367.06	247.14	11.00	43.00
365.71	248.49	11.00	43.00
364.36	249.83	11.00	43.00
362.68	252.53	11.00	43.00
361.33	251.18	11.00	43.00
358.64	252.53	11.00	43.00
357.29	252.53	11.00	43.00
354.59	253.88	11.00	43.00
353.92	253.88	11.00	43.00
352.91	255.22	11.00	43.00
351.23	256.57	11.00	43.00
349.54	257.92	11.00	43.00
346.85	260.61	11.00	43.00
345.50	260.61	11.00	43.00
344.15	260.61	11.00	43.00
341.46	261.96	11.00	43.00
340.11	261.96	11.00	43.00
337.08	261.96	11.00	43.00
334.38	263.31	11.00	43.00
333.04	263.31	11.00	43.00
328.99	264.65	11.00	43.00
327.65	266.00	11.00	43.00
324.95	264.65	11.00	43.00
322.26	264.65	11.00	43.00
319.56	264.65	11.00	43.00
316.87	264.65	11.00	43.00
315.52	264.65	11.00	43.00
311.48	266.00	11.00	43.00
309.46	266.00	11.00	43.00
306.76	266.00	11.00	43.00
304.07	266.00	11.00	43.00
302.38	264.65	11.00	43.00
299.69	266.00	11.00	43.00
298.34	264.65	11.00	43.00
295.31	266.00	11.00	43.00
292.61	266.00	11.00	43.00
290.93	267.35	11.00	43.00
288.24	267.35	11.00	43.00
285.54	267.35	11.00	43.00
282.85	268.70	11.00	43.00
281.50	268.70	11.00	43.00
278.47	268.70	11.00	43.00
274.76	270.38	11.00	42.00
273.42	271.72	11.00	42.00
269.41	272.72	11.00	41.00
268.08	273.05	11.00	42.00
265.41	271.71	11.00	42.00
262.40	274.38	11.00	42.00
261.06	274.38	11.00	42.00
257.05	274.38	11.00	42.00
254.37	274.38	11.00	42.00
253.04	275.72	11.00	43.00
250.34	274.37	11.00	43.00
