340.00	358.00	18.00	55.00
340.00	357.00	18.00	56.00
338.12	357.00	18.00	56.00
338.12	358.88	18.00	56.00
336.24	359.88	18.00	55.00
334.37	359.88	18.00	55.00
332.50	358.88	18.00	56.00
328.74	357.47	18.00	56.00
326.86	357.47	19.00	57.00
322.94	355.51	18.00	56.00
321.06	357.39	19.00	57.00
318.61	357.39	18.00	56.00
316.73	358.27	19.00	58.00
314.75	358.27	19.00	58.00
312.78	361.24	19.00	57.00
312.78	361.24	18.00	56.00
310.90	363.12	19.00	57.00
308.94	363.12	19.00	57.00
306.98	365.08	19.00	57.00
306.98	365.08	18.00	56.00
305.10	366.96	18.00	56.00
305.10	368.84	18.00	56.00
305.10	369.84	18.00	55.00
303.23	371.71	18.00	55.00
303.23	371.71	18.00	54.00
301.37	371.71	18.00	54.00
299.51	371.71	18.00	54.00
297.65	373.57	18.00	54.00
295.79	375.43	18.00	55.00
295.79	376.30	18.00	56.00
295.79	376.30	18.00	56.00
295.79	376.30	18.00	56.00
293.91	378.18	18.00	56.00
295.79	378.18	18.00	56.00
295.79	378.18	18.00	56.00
297.67	378.18	18.00	56.00
295.79	378.18	18.00	56.00
297.67	378.18	18.00	56.00
297.67	378.18	18.00	56.00
297.67	380.06	19.00	57.00
295.71	378.09	19.00	57.00
295.71	376.13	18.00	56.00
293.83	376.13	18.00	56.00
293.83	376.13	18.00	56.00
291.95	376.13	18.00	56.00
291.95	376.13	18.00	56.00
291.95	376.13	18.00	56.00
291.95	376.13	18.00	56.00
290.07	374.25	18.00	56.00
291.95	374.25	18.00	56.00
291.95	374.25	18.00	56.00
291.95	374.25	18.00	56.00
291.95	376.13	18.00	56.00
290.07	376.13	18.00	56.00
290.07	377.13	18.00	55.00
290.07	377.13	18.00	54.00
288.21	378.99	18.00	54.00
288.21	380.85	18.00	55.00
286.34	380.85	18.00	54.00
284.48	380.85	18.00	54.00
282.62	382.71	18.00	54.00
280.77	384.57	18.00	54.00
278.91	384.57	18.00	54.00
278.91	385.96	18.00	54.00
277.05	387.82	18.00	54.00
277.05	387.82	18.00	54.00
275.19	385.96	18.00	54.00
273.33	385.96	18.00	55.00
273.33	384.09	18.00	55.00
273.33	382.22	18.00	54.00
271.47	382.22	18.00	55.00
271.47	380.35	18.00	55.00
273.34	378.48	18.00	55.00
271.47	376.62	18.00	55.00
269.60	374.75	18.00	55.00
267.73	372.88	18.00	55.00
265.86	372.88	18.00	55.00
265.86	371.01	18.00	55.00
263.99	371.01	18.00	55.00
263.99	369.14	18.00	55.00
263.99	369.14	18.00	55.00
265.86	371.01	18.00	55.00
263.99	371.01	18.00	55.00
263.99	372.88	18.00	55.00
263.99	372.88	18.00	55.00
262.12	372.88	18.00	55.00
260.25	371.01	18.00	55.00
260.25	369.14	18.00	54.00
258.40	369.14	18.00	55.00
258.40	367.27	18.00	54.00
256.54	369.13	18.00	54.00
252.82	369.13	18.00	54.00
252.82	369.13	18.00	54.00
250.96	369.13	18.00	55.00
250.96	367.26	18.00	55.00
248.62	365.39	18.00	55.00
246.75	365.39	18.00	55.00
246.75	363.52	18.00	55.00
246.75	363.52	18.00	54.00
247.75	362.66	17.00	53.00
249.53	364.44	17.00	53.00
247.75	364.44	17.00	53.00
247.75	364.44	17.00	53.00
245.98	362.66	17.00	53.00
244.98	361.66	18.00	54.00
243.12	361.66	18.00	54.00
243.12	363.52	18.00	54.00
241.26	363.52	18.00	55.00
239.39	363.52	18.00	55.00
239.39	365.39	18.00	55.00
237.52	365.39	18.00	55.00
237.52	363.52	18.00	55.00
237.52	361.65	18.00	55.00
239.86	361.65	18.00	55.00
245.46	357.91	18.00	54.00
249.18	352.33	18.00	54.00
251.04	348.62	18.00	54.00
250.18	347.76	17.00	53.00
250.18	349.53	17.00	53.00
250.18	349.53	17.00	52.00
249.18	348.53	18.00	54.00
252.90	348.53	18.00	54.00
252.90	350.39	18.00	54.00
254.76	351.25	18.00	56.00
256.64	351.25	18.00	56.00
258.52	350.37	18.00	55.00
259.92	350.37	18.00	54.00
259.92	350.37	18.00	54.00
259.92	350.37	18.00	55.00
259.92	350.37	18.00	54.00
258.06	352.23	18.00	55.00
259.93	352.23	18.00	55.00
259.93	350.36	18.00	54.00
259.93	352.22	18.00	54.00
259.93	352.22	18.00	54.00
259.93	352.22	18.00	55.00
259.93	348.48	18.00	54.00
259.93	348.48	18.00	54.00
259.93	346.62	18.00	54.00
259.93	346.62	18.00	54.00
259.93	344.76	18.00	54.00
260.93	345.76	17.00	53.00
260.93	347.54	17.00	53.00
259.16	347.54	17.00	53.00
256.38	348.32	18.00	54.00
258.24	348.32	18.00	55.00
258.24	346.45	18.00	54.00
258.24	350.17	18.00	55.00
256.37	352.03	18.00	55.00
255.90	355.77	18.00	55.00
252.16	355.77	18.00	54.00
250.30	355.77	18.00	54.00
246.59	357.63	18.00	54.00
242.87	357.63	18.00	54.00
241.01	357.63	18.00	54.00
241.01	355.77	18.00	54.00
241.47	355.77	18.00	54.00
241.47	355.77	18.00	54.00
241.47	355.77	18.00	54.00
239.61	355.77	18.00	54.00
237.76	357.63	18.00	54.00
237.76	359.49	18.00	55.00
235.89	360.36	18.00	56.00
235.89	360.36	19.00	57.00
234.41	358.40	19.00	57.00
232.45	359.36	19.00	58.00
230.48	360.33	19.00	60.00
229.48	358.29	20.00	61.00
227.40	356.21	20.00	61.00
225.33	355.21	20.00	62.00
223.24	354.21	21.00	64.00
220.06	351.03	22.00	66.00
220.06	348.76	22.00	67.00
217.78	344.19	22.00	67.00
217.78	341.91	22.00	66.00
215.51	344.18	22.00	67.00
213.22	344.18	22.00	67.00
210.94	343.18	22.00	68.00
213.24	342.18	23.00	70.00
213.24	342.18	23.00	71.00
210.84	342.18	23.00	71.00
209.84	345.97	24.00	73.00
209.84	347.46	24.00	74.00
207.34	346.46	25.00	76.00
207.34	346.46	25.00	77.00
203.74	345.46	26.00	79.00
201.04	347.16	26.00	80.00
198.34	348.87	27.00	82.00
195.54	348.87	27.00	83.00
195.54	346.06	27.00	83.00
192.73	346.06	27.00	83.00
188.92	347.87	28.00	85.00
186.02	348.77	29.00	88.00
183.01	345.76	29.00	88.00
183.01	345.76	29.00	88.00
180.01	349.77	28.00	87.00
179.01	353.72	30.00	90.00
175.91	352.72	30.00	92.00
175.91	352.72	30.00	92.00
172.79	352.72	30.00	92.00
172.01	351.72	31.00	94.00
168.80	354.94	31.00	94.00
167.80	359.36	32.00	98.00
163.64	357.36	33.00	102.00
162.64	356.36	34.00	104.00
162.64	358.89	35.00	106.00
162.64	361.52	35.00	108.00
158.94	361.52	35.00	108.00
154.24	360.52	36.00	110.00
154.24	363.25	37.00	112.00
150.41	367.09	37.00	112.00
150.41	367.09	37.00	112.00
146.57	362.25	37.00	114.00
145.57	365.16	38.00	117.00
137.55	364.16	39.00	119.00
136.55	358.10	40.00	121.00
131.38	353.96	40.00	121.00
127.24	353.96	40.00	121.00
131.38	347.82	41.00	124.00
131.38	339.33	41.00	124.00
135.62	338.33	41.00	126.00
138.94	341.65	42.00	129.00
148.90	341.65	42.00	129.00
162.17	340.65	43.00	131.00
171.09	335.07	43.00	131.00
180.01	330.61	43.00	131.00
188.94	330.61	43.00	131.00
196.86	337.53	44.00	134.00
202.57	342.10	44.00	134.00
207.13	342.10	44.00	134.00
211.70	346.66	44.00	134.00
217.40	350.23	45.00	137.00
221.07	353.90	46.00	139.00
221.07	353.90	46.00	139.00
221.07	356.66	47.00	142.00
221.07	361.52	47.00	142.00
221.07	365.39	47.00	145.00
225.02	368.34	48.00	148.00
230.07	372.39	49.00	151.00
234.23	375.55	50.00	154.00
239.49	374.55	51.00	157.00
243.86	371.55	53.00	163.00
243.86	360.41	53.00	163.00
243.86	354.84	53.00	163.00
237.28	345.88	55.00	167.00
230.58	332.47	56.00	170.00
224.78	325.67	57.00	173.00
224.78	313.85	57.00	173.00
230.69	306.47	57.00	173.00
230.69	295.65	56.00	170.00
230.69	301.46	56.00	170.00
230.69	295.65	56.00	170.00
236.49	288.85	57.00	173.00
242.40	294.76	57.00	173.00
248.31	302.14	57.00	173.00
247.31	300.14	58.00	177.00
259.46	292.55	58.00	177.00
265.54	292.55	58.00	177.00
265.54	298.62	58.00	177.00
272.61	300.62	57.00	173.00
278.52	306.53	57.00	173.00
278.52	306.53	57.00	173.00
278.52	312.44	57.00	173.00
272.61	313.44	56.00	170.00
267.81	309.63	55.00	167.00
266.81	307.63	56.00	170.00
262.00	303.83	55.00	167.00
257.30	300.13	53.00	163.00
251.73	294.56	53.00	163.00
246.16	294.56	53.00	163.00
245.16	298.13	55.00	167.00
249.86	296.13	56.00	170.00
261.47	296.13	56.00	170.00
267.28	289.32	57.00	173.00
273.18	281.94	57.00	173.00
273.18	276.03	57.00	173.00
279.09	270.12	57.00	173.00
290.91	264.22	57.00	173.00
290.91	258.31	57.00	173.00
290.91	259.31	56.00	170.00
290.91	269.92	57.00	173.00
296.81	270.92	56.00	170.00
303.62	272.92	55.00	167.00
302.62	276.62	56.00	170.00
302.62	281.42	57.00	173.00
301.62	279.42	58.00	177.00
302.62	275.35	57.00	173.00
301.62	273.35	58.00	177.00
295.54	273.35	58.00	177.00
289.47	277.42	59.00	180.00
283.29	277.42	59.00	180.00
277.11	277.42	59.00	180.00
277.11	273.24	58.00	177.00
272.03	269.17	57.00	173.00
271.03	267.17	58.00	177.00
265.95	269.17	57.00	173.00
260.05	276.08	56.00	170.00
260.05	276.08	56.00	170.00
254.24	276.08	56.00	170.00
254.24	281.88	56.00	170.00
255.24	278.08	55.00	167.00
256.24	280.08	53.00	163.00
249.67	283.65	55.00	167.00
249.67	283.65	55.00	167.00
242.97	275.94	56.00	170.00
237.17	274.94	57.00	173.00
234.69	267.04	58.00	177.00
241.77	269.04	57.00	173.00
247.67	274.94	57.00	173.00
259.49	280.85	57.00	173.00
259.49	281.85	56.00	170.00
266.74	287.66	56.00	170.00
272.55	298.26	57.00	173.00
278.46	310.08	57.00	173.00
285.84	327.80	57.00	173.00
291.75	333.71	57.00	173.00
290.75	337.62	58.00	177.00
296.82	343.69	58.00	177.00
296.82	349.77	58.00	177.00
297.82	351.77	57.00	173.00
303.73	352.77	56.00	170.00
303.73	358.57	56.00	170.00
303.73	358.57	56.00	170.00
304.73	360.57	55.00	167.00
305.73	368.28	53.00	163.00
305.73	376.24	52.00	160.00
300.26	381.71	52.00	160.00
300.26	381.71	52.00	160.00
294.80	387.17	52.00	160.00
295.80	389.17	51.00	157.00
290.43	399.90	51.00	157.00
285.07	406.26	50.00	154.00
279.81	406.26	50.00	154.00
279.81	405.26	51.00	157.00
279.81	399.90	51.00	157.00
278.47	394.54	51.00	157.00
272.11	387.17	52.00	160.00
272.11	381.71	52.00	160.00
272.11	376.24	52.00	160.00
272.11	369.77	53.00	163.00
277.68	358.63	53.00	163.00
277.68	353.06	53.00	163.00
277.68	353.06	53.00	163.00
277.68	353.06	53.00	163.00
281.85	358.63	53.00	163.00
281.85	358.63	53.00	163.00
278.07	362.20	55.00	167.00
278.07	367.90	55.00	167.00
273.79	367.90	55.00	167.00
276.64	367.90	55.00	167.00
276.64	375.03	55.00	167.00
270.94	375.03	55.00	167.00
265.24	369.33	55.00	167.00
265.24	369.33	55.00	167.00
255.69	397.26	56.00	170.00
261.49	391.45	56.00	170.00
261.49	390.45	57.00	173.00
255.59	390.45	57.00	173.00
258.54	390.45	57.00	173.00
264.45	379.64	56.00	170.00
270.25	385.44	56.00	170.00
281.86	385.44	56.00	170.00
289.12	385.44	56.00	170.00
300.72	379.64	56.00	170.00
307.53	339.56	55.00	167.00
318.93	345.26	55.00	167.00
331.33	347.26	53.00	163.00
342.47	352.83	53.00	163.00
359.18	352.83	53.00	163.00
371.72	352.83	53.00	163.00
387.43	361.97	55.00	167.00
393.13	361.97	55.00	167.00
404.53	361.97	55.00	167.00
417.36	356.27	55.00	167.00
434.46	350.57	55.00	167.00
452.56	346.87	53.00	163.00
458.13	352.44	53.00	163.00
463.70	358.01	53.00	163.00
469.27	363.58	53.00	163.00
469.27	358.01	53.00	163.00
469.27	352.44	53.00	163.00
469.27	358.01	53.00	163.00
462.70	361.58	55.00	167.00
452.30	357.88	53.00	163.00
438.77	361.45	55.00	167.00
421.67	361.45	55.00	167.00
404.56	361.45	55.00	167.00
393.16	367.15	55.00	167.00
377.06	363.45	53.00	163.00
364.92	367.02	55.00	167.00
353.52	367.02	55.00	167.00
342.11	367.02	55.00	167.00
330.71	367.02	55.00	167.00
326.01	374.72	53.00	163.00
320.44	374.72	53.00	163.00
314.87	374.72	53.00	163.00
309.30	375.72	52.00	160.00
303.83	375.72	52.00	160.00
298.37	375.72	52.00	160.00
293.90	372.25	51.00	157.00
287.54	375.61	52.00	160.00
283.07	377.61	51.00	157.00
282.07	380.98	52.00	160.00
276.60	380.98	52.00	160.00
276.60	380.98	52.00	160.00
276.60	385.44	53.00	163.00
276.60	385.44	53.00	163.00
282.17	386.44	52.00	160.00
282.17	390.91	53.00	163.00
281.17	388.91	55.00	167.00
281.17	388.91	55.00	167.00
282.17	390.91	53.00	163.00
287.74	386.34	52.00	160.00
287.74	380.87	52.00	160.00
282.28	380.87	52.00	160.00
285.01	375.41	52.00	160.00
285.01	374.41	53.00	163.00
278.44	372.41	55.00	167.00
284.14	366.71	55.00	167.00
279.86	361.00	55.00	167.00
280.86	357.30	53.00	163.00
279.86	360.87	55.00	167.00
280.86	357.17	53.00	163.00
275.29	351.60	53.00	163.00
275.29	357.17	53.00	163.00
268.72	366.31	55.00	167.00
268.72	372.01	55.00	167.00
269.72	374.01	53.00	163.00
269.72	374.01	53.00	163.00
264.15	375.01	52.00	160.00
264.15	380.48	52.00	160.00
264.15	375.01	52.00	160.00
265.15	366.08	51.00	157.00
265.15	360.72	51.00	157.00
259.79	361.72	50.00	154.00
254.53	361.72	50.00	154.00
254.53	356.46	50.00	154.00
247.95	360.72	51.00	157.00
242.59	360.72	51.00	157.00
236.23	358.72	52.00	160.00
236.23	358.72	52.00	160.00
230.76	358.72	52.00	160.00
230.76	353.25	52.00	160.00
226.66	341.32	53.00	163.00
232.23	330.18	53.00	163.00
237.80	319.04	53.00	163.00
248.94	308.90	52.00	160.00
259.87	297.96	52.00	160.00
265.34	281.56	52.00	160.00
281.74	269.26	52.00	160.00
292.68	258.33	52.00	160.00
298.14	258.33	52.00	160.00
303.61	263.79	52.00	160.00
309.08	263.79	52.00	160.00
309.08	269.26	52.00	160.00
309.08	274.73	52.00	160.00
309.08	274.73	52.00	160.00
304.61	283.56	51.00	157.00
304.61	295.63	51.00	157.00
304.61	300.99	51.00	157.00
298.25	298.99	52.00	160.00
303.71	298.99	52.00	160.00
304.71	300.99	51.00	157.00
310.08	295.63	51.00	157.00
310.08	291.27	50.00	154.00
310.08	291.27	50.00	154.00
310.08	296.53	50.00	154.00
310.08	291.27	50.00	154.00
315.34	296.53	50.00	154.00
320.60	300.79	51.00	157.00
327.64	298.79	52.00	160.00
339.58	295.32	51.00	157.00
349.30	293.32	52.00	160.00
361.24	289.85	51.00	157.00
366.60	291.19	51.00	157.00
371.96	296.56	51.00	157.00
378.67	292.19	50.00	154.00
383.93	297.45	50.00	154.00
389.19	307.97	50.00	154.00
389.19	307.97	50.00	154.00
378.67	307.97	50.00	154.00
374.41	315.23	49.00	151.00
374.41	315.23	49.00	151.00
384.72	320.39	49.00	151.00
388.88	328.71	50.00	154.00
399.40	328.71	50.00	154.00
399.40	327.71	51.00	157.00
404.76	328.71	50.00	154.00
411.02	335.97	49.00	151.00
416.18	335.97	49.00	151.00
416.18	331.81	48.00	148.00
416.18	330.81	49.00	151.00
404.58	330.81	49.00	151.00
382.66	330.81	49.00	151.00
365.90	336.97	48.00	148.00
349.47	342.02	48.00	148.00
324.21	336.97	48.00	148.00
314.10	336.97	48.00	148.00
298.94	342.02	48.00	148.00
283.78	347.07	48.00	148.00
273.67	352.13	48.00	148.00
268.62	357.18	48.00	148.00
263.56	362.23	48.00	148.00
263.56	371.34	49.00	151.00
253.25	371.34	49.00	151.00
258.40	376.50	49.00	151.00
258.40	377.50	48.00	148.00
263.46	372.45	48.00	148.00
273.57	367.39	48.00	148.00
273.57	347.18	48.00	148.00
268.51	334.81	49.00	151.00
258.20	329.65	49.00	151.00
236.57	322.49	50.00	154.00
218.16	321.49	51.00	157.00
218.16	317.13	50.00	154.00
218.16	306.61	50.00	154.00
224.42	298.09	49.00	151.00
229.58	298.09	49.00	151.00
234.73	288.77	48.00	148.00
246.10	283.72	48.00	148.00
262.53	278.67	48.00	148.00
277.69	268.56	48.00	148.00
286.53	263.50	48.00	148.00
296.64	262.50	49.00	151.00
306.96	267.66	49.00	151.00
313.40	268.66	48.00	148.00
320.72	270.66	47.00	145.00
325.67	281.80	47.00	145.00
320.72	291.70	47.00	145.00
317.01	301.60	47.00	145.00
317.01	306.55	47.00	145.00
317.01	301.60	47.00	145.00
317.01	301.60	47.00	145.00
316.01	304.55	48.00	148.00
321.06	294.44	48.00	148.00
337.48	288.39	49.00	151.00
347.80	283.23	49.00	151.00
358.11	284.23	48.00	148.00
373.27	284.23	48.00	148.00
383.38	284.23	48.00	148.00
394.49	291.29	47.00	145.00
400.68	291.29	47.00	145.00
420.48	286.34	47.00	145.00
434.33	284.34	48.00	148.00
444.44	284.34	48.00	148.00
449.49	284.34	48.00	148.00
455.81	284.34	48.00	148.00
460.86	289.39	48.00	148.00
461.86	291.39	47.00	145.00
460.86	294.34	48.00	148.00
455.81	294.34	48.00	148.00
455.81	300.66	48.00	148.00
450.75	305.71	48.00	148.00
438.12	305.71	48.00	148.00
433.07	310.77	48.00	148.00
417.91	310.77	48.00	148.00
406.53	320.87	48.00	148.00
390.11	325.93	48.00	148.00
375.95	327.93	47.00	145.00
363.81	335.83	48.00	148.00
348.65	335.83	48.00	148.00
338.28	332.77	47.00	145.00
332.33	335.72	48.00	148.00
326.01	335.72	48.00	148.00
320.96	340.78	48.00	148.00
316.90	342.78	47.00	145.00
311.95	348.97	47.00	145.00
311.95	348.97	47.00	145.00
310.95	346.97	48.00	148.00
305.90	339.65	49.00	151.00
305.90	335.49	48.00	148.00
305.90	335.49	48.00	148.00
305.90	329.44	49.00	151.00
311.06	321.41	48.00	148.00
311.06	321.41	48.00	148.00
305.74	323.41	47.00	145.00
299.79	326.36	48.00	148.00
289.68	321.31	48.00	148.00
284.63	320.31	49.00	151.00
274.31	321.31	48.00	148.00
262.94	326.36	48.00	148.00
252.83	330.42	49.00	151.00
242.52	330.42	49.00	151.00
227.05	321.10	48.00	148.00
216.94	321.10	48.00	148.00
206.83	325.16	49.00	151.00
192.36	317.84	47.00	145.00
182.46	312.89	47.00	145.00
176.51	315.84	48.00	148.00
166.14	317.84	47.00	145.00
156.24	317.84	47.00	145.00
151.29	317.84	47.00	145.00
141.39	317.84	47.00	145.00
136.44	313.89	47.00	142.00
126.71	313.89	47.00	142.00
116.98	313.89	47.00	142.00
112.12	309.03	47.00	142.00
107.25	309.03	47.00	142.00
102.39	304.16	47.00	142.00
102.39	304.16	47.00	142.00
102.39	309.03	47.00	142.00
102.39	312.89	47.00	145.00
107.34	317.84	47.00	145.00
106.34	320.79	48.00	148.00
111.39	324.85	49.00	151.00
117.84	324.85	49.00	151.00
122.99	324.85	49.00	151.00
128.15	325.85	48.00	148.00
135.73	325.85	48.00	148.00
140.79	325.85	48.00	148.00
145.84	324.85	49.00	151.00
150.00	321.85	51.00	157.00
154.36	319.85	52.00	160.00
154.36	318.85	53.00	163.00
159.93	313.28	53.00	163.00
159.93	308.71	52.00	160.00
159.93	303.24	52.00	160.00
165.40	297.77	52.00	160.00
165.40	297.77	52.00	160.00
165.40	292.31	52.00	160.00
170.86	292.31	52.00	160.00
170.86	297.77	52.00	160.00
176.33	297.77	52.00	160.00
176.33	302.24	53.00	163.00
176.33	302.24	53.00	163.00
181.90	302.24	53.00	163.00
181.90	307.81	53.00	163.00
187.47	303.24	52.00	160.00
188.47	305.24	51.00	157.00
193.83	305.24	51.00	157.00
199.20	310.60	51.00	157.00
199.20	310.60	51.00	157.00
204.56	310.60	51.00	157.00
208.58	310.60	51.00	157.00
208.58	315.97	51.00	157.00
208.58	321.33	51.00	157.00
208.58	321.33	51.00	157.00
212.95	319.33	52.00	160.00
213.95	321.33	51.00	157.00
213.95	328.04	51.00	157.00
213.95	328.04	51.00	157.00
213.95	328.04	51.00	157.00
213.95	334.74	51.00	157.00
219.31	334.74	51.00	157.00
219.31	329.38	51.00	157.00
219.31	324.01	51.00	157.00
224.68	324.01	51.00	157.00
224.68	324.01	51.00	157.00
230.04	314.29	50.00	154.00
236.30	311.03	49.00	151.00
241.46	306.87	48.00	148.00
241.46	311.92	48.00	148.00
246.51	311.92	48.00	148.00
246.51	311.92	48.00	148.00
251.56	311.92	48.00	148.00
251.56	311.92	48.00	148.00
251.56	316.98	48.00	148.00
247.51	318.98	47.00	145.00
247.51	318.98	47.00	145.00
247.51	314.03	47.00	145.00
242.56	315.03	47.00	142.00
242.56	312.16	46.00	139.00
237.80	307.40	46.00	139.00
237.80	312.16	46.00	139.00
234.04	313.16	45.00	137.00
234.04	308.49	45.00	137.00
237.71	312.16	46.00	139.00
242.47	312.16	46.00	139.00
248.42	312.16	46.00	139.00
254.37	316.92	46.00	139.00
259.13	326.44	46.00	139.00
268.65	326.44	46.00	139.00
278.18	321.68	46.00	139.00
288.89	316.92	46.00	139.00
298.41	312.16	46.00	139.00
307.93	312.16	46.00	139.00
312.69	304.21	47.00	142.00
322.42	299.35	47.00	142.00
327.29	299.35	47.00	142.00
327.29	299.35	47.00	142.00
327.29	299.35	47.00	142.00
328.50	294.48	47.00	142.00
328.50	289.62	47.00	142.00
328.50	291.62	46.00	139.00
323.74	296.38	46.00	139.00
319.98	292.62	45.00	137.00
315.31	292.62	45.00	137.00
305.98	293.62	44.00	134.00
302.41	286.49	43.00	131.00
296.83	282.02	43.00	131.00
286.80	287.60	43.00	131.00
277.87	292.06	43.00	131.00
273.41	283.14	43.00	131.00
273.41	283.14	43.00	131.00
268.95	287.60	43.00	131.00
264.49	287.60	43.00	131.00
263.49	290.06	44.00	134.00
263.49	294.63	44.00	134.00
263.49	293.63	45.00	137.00
267.16	292.63	46.00	139.00
267.16	297.39	46.00	139.00
262.39	302.15	46.00	139.00
262.39	306.91	46.00	139.00
262.39	311.67	46.00	139.00
262.39	311.67	46.00	139.00
262.39	316.43	46.00	139.00
262.39	319.20	47.00	142.00
262.39	314.33	47.00	142.00
262.39	313.33	47.00	145.00
257.44	309.38	47.00	142.00
257.44	304.52	47.00	142.00
262.31	299.65	47.00	142.00
262.31	299.65	47.00	142.00
262.31	291.92	46.00	139.00
267.07	291.92	46.00	139.00
267.07	291.92	46.00	139.00
268.07	288.16	45.00	137.00
264.57	288.16	45.00	137.00
269.24	284.49	44.00	134.00
269.24	284.49	44.00	134.00
269.24	284.49	44.00	134.00
269.24	289.06	44.00	134.00
270.24	286.49	43.00	131.00
274.70	282.03	43.00	131.00
274.70	276.45	43.00	131.00
279.16	276.45	43.00	131.00
283.62	280.92	43.00	131.00
283.62	276.45	43.00	131.00
283.62	267.53	43.00	131.00
283.62	263.07	43.00	131.00
283.62	263.07	43.00	131.00
283.62	267.53	43.00	131.00
288.08	276.45	43.00	131.00
288.08	276.45	43.00	131.00
292.66	278.92	44.00	134.00
288.10	269.79	44.00	134.00
273.26	273.35	45.00	137.00
258.09	283.85	45.00	137.00
247.58	288.52	45.00	137.00
242.92	288.52	45.00	137.00
228.91	288.52	45.00	137.00
218.41	289.52	44.00	134.00
204.71	284.96	44.00	134.00
204.71	297.65	45.00	137.00
190.71	297.65	45.00	137.00
181.37	297.65	45.00	137.00
168.54	292.98	45.00	137.00
163.87	298.82	45.00	137.00
158.03	294.15	45.00	137.00
158.03	284.82	45.00	137.00
158.03	284.82	45.00	137.00
162.70	280.15	45.00	137.00
161.70	269.81	46.00	139.00
160.51	269.81	46.00	139.00
160.51	265.05	46.00	139.00
158.13	265.05	46.00	139.00
163.89	261.29	45.00	137.00
168.56	261.29	45.00	137.00
163.89	252.95	44.00	134.00
168.46	252.95	44.00	134.00
168.46	252.95	44.00	134.00
173.02	257.52	44.00	134.00
168.46	262.08	44.00	134.00
173.02	266.65	44.00	134.00
173.02	266.65	44.00	134.00
173.02	271.21	44.00	134.00
173.02	271.21	44.00	134.00
168.46	274.78	45.00	137.00
163.79	274.78	45.00	137.00
163.79	284.11	45.00	137.00
163.79	284.11	45.00	137.00
163.79	288.78	45.00	137.00
163.79	298.12	45.00	137.00
159.12	302.79	45.00	137.00
159.12	308.45	44.00	134.00
163.68	308.45	44.00	134.00
168.25	308.45	44.00	134.00
168.25	308.45	44.00	134.00
168.25	308.45	44.00	134.00
171.53	305.89	43.00	131.00
171.53	302.54	43.00	131.00
175.99	298.08	43.00	131.00
180.45	293.62	43.00	131.00
186.03	293.62	43.00	131.00
190.49	289.16	43.00	131.00
190.49	289.16	43.00	131.00
194.95	289.16	43.00	131.00
194.95	284.70	43.00	131.00
199.42	280.23	43.00	131.00
199.42	275.77	43.00	131.00
199.42	271.31	43.00	131.00
203.88	266.85	43.00	131.00
