111.00	98.00	25.00	101.00
111.00	101.18	25.00	101.00
111.00	104.35	25.00	101.00
111.00	104.35	25.00	101.00
107.82	105.35	25.00	99.00
110.98	105.35	25.00	99.00
107.82	109.30	25.00	99.00
107.82	113.24	25.00	99.00
104.67	115.40	25.00	101.00
101.49	115.40	25.00	101.00
98.32	118.57	25.00	101.00
95.14	118.57	25.00	101.00
91.97	115.40	25.00	101.00
88.79	112.22	25.00	101.00
88.79	110.05	25.00	99.00
88.79	110.05	25.00	99.00
88.79	110.05	25.00	99.00
88.79	110.05	25.00	99.00
91.95	112.20	25.00	101.00
95.12	112.20	25.00	101.00
95.12	109.03	25.00	101.00
94.12	108.03	26.00	103.00
98.21	107.03	26.00	105.00
98.21	104.68	26.00	103.00
101.48	106.95	26.00	105.00
104.82	109.30	27.00	107.00
104.82	110.30	26.00	105.00
104.82	110.30	26.00	105.00
104.82	106.95	26.00	105.00
108.17	103.61	26.00	105.00
108.17	99.26	27.00	107.00
104.78	96.88	26.00	105.00
104.78	96.88	26.00	105.00
104.78	97.88	26.00	103.00
104.78	100.15	26.00	105.00
104.78	100.15	26.00	105.00
104.78	100.15	26.00	105.00
104.78	100.15	26.00	105.00
104.78	96.80	26.00	105.00
104.78	96.80	26.00	105.00
104.78	95.80	27.00	107.00
101.40	94.80	27.00	109.00
101.40	94.80	27.00	109.00
101.40	98.26	27.00	109.00
97.94	98.26	27.00	109.00
97.94	98.26	27.00	109.00
91.03	98.26	27.00	109.00
87.57	94.80	27.00	109.00
84.11	91.35	27.00	109.00
80.65	91.35	27.00	109.00
80.65	92.35	27.00	107.00
80.65	96.73	26.00	105.00
80.65	100.07	26.00	105.00
81.49	103.42	26.00	105.00
81.49	103.42	26.00	105.00
84.84	103.42	26.00	105.00
88.18	102.42	27.00	107.00
93.25	99.04	27.00	107.00
96.64	95.65	27.00	107.00
100.02	94.65	27.00	109.00
103.48	94.65	27.00	109.00
106.93	98.11	27.00	109.00
106.93	98.11	27.00	109.00
106.93	95.65	27.00	107.00
110.32	95.65	27.00	107.00
113.70	94.65	27.00	109.00
113.70	91.19	27.00	109.00
113.70	91.19	27.00	109.00
113.70	92.19	27.00	107.00
110.32	93.19	26.00	105.00
109.48	95.54	27.00	107.00
102.72	95.54	27.00	107.00
99.33	84.55	27.00	107.00
95.95	81.16	27.00	107.00
92.57	81.16	27.00	107.00
89.19	81.16	27.00	107.00
85.80	81.16	27.00	107.00
79.04	81.16	27.00	107.00
62.13	81.16	27.00	107.00
57.90	81.16	27.00	107.00
54.52	77.78	27.00	107.00
47.75	77.78	27.00	107.00
47.75	74.40	27.00	107.00
44.37	71.02	27.00	107.00
40.99	67.63	27.00	107.00
40.99	67.63	27.00	107.00
37.60	64.25	27.00	107.00
37.60	60.87	27.00	107.00
34.22	60.87	27.00	107.00
30.84	57.49	27.00	107.00
34.22	57.49	27.00	107.00
34.22	57.49	27.00	107.00
30.84	54.10	27.00	107.00
29.99	54.10	27.00	107.00
26.61	57.49	27.00	107.00
23.23	57.49	27.00	107.00
19.00	54.10	27.00	107.00
12.24	54.10	27.00	107.00
8.85	50.72	27.00	107.00
5.47	50.72	27.00	107.00
2.09	50.72	27.00	107.00
-4.68	47.34	27.00	107.00
-11.44	43.96	27.00	107.00
-14.82	40.57	27.00	107.00
-18.21	40.57	27.00	107.00
-21.59	37.19	27.00	107.00
-21.59	43.96	27.00	107.00
-14.82	61.71	27.00	107.00
9.70	50.57	27.00	109.00
6.11	66.72	28.00	112.00
2.54	65.72	28.00	114.00
-4.62	58.56	28.00	114.00
-16.26	54.98	28.00	114.00
-23.42	58.56	28.00	114.00
-27.00	66.72	28.00	112.00
-30.56	73.84	28.00	112.00
-29.56	75.84	27.00	109.00
-22.64	79.30	27.00	109.00
-19.19	82.76	27.00	109.00
-19.19	83.62	27.00	109.00
-19.19	83.62	27.00	109.00
-18.32	83.62	27.00	109.00
-18.32	83.62	27.00	109.00
-18.32	83.62	27.00	109.00
-18.32	83.62	27.00	109.00
-18.32	101.78	27.00	109.00
-18.32	101.78	27.00	109.00
-18.32	101.78	27.00	109.00
-18.32	101.78	27.00	109.00
-18.32	101.78	27.00	109.00
-18.32	102.78	27.00	107.00
-18.32	102.78	27.00	107.00
-18.32	106.16	27.00	107.00
-18.32	106.16	27.00	107.00
-18.32	109.54	27.00	107.00
-18.32	119.69	27.00	107.00
-18.32	119.69	27.00	107.00
-18.32	119.69	27.00	107.00
-18.32	122.23	27.00	107.00
-18.32	125.61	27.00	107.00
-18.32	125.61	27.00	107.00
-18.32	128.99	27.00	107.00
-18.32	128.99	27.00	107.00
-18.32	123.92	27.00	107.00
-18.32	123.92	27.00	107.00
-18.32	123.92	27.00	107.00
-18.32	123.92	27.00	107.00
-18.32	123.92	27.00	107.00
-18.32	119.69	27.00	107.00
-18.32	119.69	27.00	107.00
-18.32	116.31	27.00	107.00
-18.32	112.93	27.00	107.00
-18.32	112.93	27.00	107.00
-18.32	112.93	27.00	107.00
-18.32	112.93	27.00	107.00
-18.32	112.93	27.00	107.00
-18.32	112.93	27.00	107.00
-18.32	112.93	27.00	107.00
-18.32	112.93	27.00	107.00
-18.32	112.93	27.00	107.00
-18.32	110.39	27.00	107.00
-18.32	109.54	27.00	107.00
-18.32	109.54	27.00	107.00
-18.32	106.16	27.00	107.00
-18.32	106.16	27.00	107.00
-18.32	106.16	27.00	107.00
-18.32	106.16	27.00	107.00
-18.32	106.16	27.00	107.00
-18.32	106.16	27.00	107.00
-18.32	106.16	27.00	107.00
-18.32	109.54	27.00	107.00
-18.32	109.54	27.00	107.00
-18.32	109.54	27.00	107.00
-18.32	109.54	27.00	107.00
-18.32	109.54	27.00	107.00
-18.32	109.54	27.00	107.00
-18.32	109.54	27.00	107.00
-18.32	109.54	27.00	107.00
-18.32	109.54	27.00	107.00
-18.32	112.93	27.00	107.00
-18.32	112.93	27.00	107.00
-14.94	116.31	27.00	107.00
-14.94	116.31	27.00	107.00
-18.32	112.93	27.00	107.00
-18.32	116.31	27.00	107.00
-18.32	116.31	27.00	107.00
-18.32	112.93	27.00	107.00
-18.32	113.77	27.00	107.00
-18.32	115.46	27.00	107.00
-18.32	122.23	27.00	107.00
-18.32	110.39	27.00	107.00
-18.32	107.01	27.00	107.00
-18.32	103.62	27.00	107.00
-18.32	106.16	27.00	107.00
-18.32	106.16	27.00	107.00
-18.32	106.16	27.00	107.00
-18.32	102.78	27.00	107.00
-18.32	102.78	27.00	107.00
-18.32	102.78	27.00	107.00
-18.32	106.16	27.00	107.00
-18.32	102.78	27.00	107.00
-18.32	102.78	27.00	107.00
-18.32	106.16	27.00	107.00
-18.32	105.32	27.00	107.00
-18.32	105.32	27.00	107.00
-18.32	105.32	27.00	107.00
-18.32	105.32	27.00	107.00
-18.32	111.24	27.00	107.00
-18.32	118.00	27.00	107.00
-18.32	121.38	27.00	107.00
-18.32	121.38	27.00	107.00
-18.32	121.38	27.00	107.00
-18.32	121.38	27.00	107.00
-18.32	124.76	27.00	107.00
-18.32	128.15	27.00	107.00
-18.32	131.53	27.00	107.00
-18.32	138.29	27.00	107.00
-18.32	141.68	27.00	107.00
-18.32	141.68	27.00	107.00
-18.32	142.52	27.00	107.00
-18.32	148.44	27.00	107.00
-18.32	145.06	27.00	107.00
-18.32	141.68	27.00	107.00
-18.32	141.68	27.00	107.00
-18.32	138.29	27.00	107.00
-18.32	134.07	27.00	107.00
-18.32	130.68	27.00	107.00
-18.32	127.30	27.00	107.00
-18.32	127.30	27.00	107.00
-18.32	127.30	27.00	107.00
-18.32	127.30	27.00	107.00
-18.32	127.30	27.00	107.00
-18.32	130.68	27.00	107.00
-18.32	130.68	27.00	107.00
-18.32	127.30	27.00	107.00
-18.32	123.92	27.00	107.00
-18.32	120.54	27.00	107.00
-18.32	112.93	27.00	107.00
-18.32	109.54	27.00	107.00
-18.32	112.93	27.00	107.00
-18.32	112.93	27.00	107.00
-18.32	116.31	27.00	107.00
-18.32	116.31	27.00	107.00
-18.32	116.31	27.00	107.00
-18.32	116.31	27.00	107.00
-15.78	116.31	27.00	107.00
-19.17	116.31	27.00	107.00
-19.17	116.31	27.00	107.00
-19.17	116.31	27.00	107.00
-19.17	122.23	27.00	107.00
-19.17	125.61	27.00	107.00
-19.17	125.61	27.00	107.00
-19.17	126.46	27.00	107.00
-19.17	129.84	27.00	107.00
-19.17	129.84	27.00	107.00
-19.17	129.84	27.00	107.00
-19.17	129.84	27.00	107.00
-19.17	129.84	27.00	107.00
-19.17	133.22	27.00	107.00
-19.17	133.22	27.00	107.00
-19.17	136.60	27.00	107.00
-19.17	139.99	27.00	107.00
-19.17	139.99	27.00	107.00
-19.17	143.37	27.00	107.00
-19.17	146.75	27.00	107.00
-19.17	150.98	27.00	107.00
-19.17	154.36	27.00	107.00
-19.17	150.98	27.00	107.00
-19.17	151.82	27.00	107.00
-19.17	151.82	27.00	107.00
-19.17	151.82	27.00	107.00
-19.17	151.82	27.00	107.00
-19.17	145.06	27.00	107.00
-19.17	145.06	27.00	107.00
-19.17	145.06	27.00	107.00
-19.17	145.06	27.00	107.00
-19.17	148.44	27.00	107.00
-19.17	148.44	27.00	107.00
-19.17	149.29	27.00	107.00
-19.17	149.29	27.00	107.00
-19.17	149.29	27.00	107.00
-19.17	149.29	27.00	107.00
-19.17	152.67	27.00	107.00
-19.17	152.67	27.00	107.00
-19.17	153.67	26.00	105.00
-19.17	153.67	26.00	105.00
-19.17	153.67	26.00	105.00
-19.17	157.02	26.00	105.00
-19.17	157.02	26.00	105.00
-19.17	157.02	26.00	105.00
-19.17	157.02	26.00	105.00
-19.17	157.02	26.00	105.00
-19.17	157.02	26.00	105.00
-19.17	160.36	26.00	105.00
-19.17	160.36	26.00	105.00
-19.17	160.36	26.00	105.00
-19.17	173.74	26.00	105.00
-19.17	170.39	26.00	105.00
-19.17	167.05	26.00	105.00
-19.17	167.05	26.00	105.00
-19.17	167.05	26.00	105.00
-19.17	163.70	26.00	105.00
-19.17	160.36	26.00	105.00
-19.17	160.36	26.00	105.00
-19.17	160.36	26.00	105.00
-19.17	167.05	26.00	105.00
-19.17	174.74	26.00	103.00
