40.00	199.00	61.00	103.00
40.00	199.00	61.00	103.00
40.00	199.00	61.00	103.00
40.00	199.00	61.00	103.00
40.00	199.00	61.00	103.00
40.00	194.66	61.00	103.00
40.00	194.66	61.00	103.00
40.00	194.66	61.00	103.00
34.66	193.66	62.00	105.00
34.66	192.66	63.00	107.00
34.66	189.19	62.00	105.00
34.66	188.19	63.00	107.00
34.66	183.73	63.00	107.00
34.66	179.26	63.00	107.00
34.66	174.79	63.00	107.00
33.66	169.32	65.00	109.00
34.66	161.17	63.00	107.00
39.13	156.70	63.00	107.00
39.13	147.76	63.00	107.00
39.13	143.30	63.00	107.00
39.13	134.36	63.00	107.00
42.60	128.89	65.00	109.00
46.18	123.32	66.00	111.00
46.18	111.98	67.00	114.00
50.95	107.21	67.00	114.00
55.72	102.43	67.00	114.00
59.49	96.66	69.00	116.00
64.37	91.78	69.00	116.00
74.13	86.90	69.00	116.00
79.01	82.02	69.00	116.00
87.77	76.14	70.00	118.00
92.74	76.14	70.00	118.00
102.69	68.93	71.00	121.00
112.84	63.85	71.00	121.00
121.99	57.77	73.00	123.00
131.36	55.77	74.00	126.00
141.94	50.49	74.00	126.00
147.23	50.49	74.00	126.00
157.80	45.20	74.00	126.00
168.38	45.20	74.00	126.00
178.96	39.91	74.00	126.00
189.53	39.91	74.00	126.00
194.82	39.91	74.00	126.00
205.40	34.62	74.00	126.00
215.97	34.62	74.00	126.00
222.26	36.62	73.00	123.00
227.44	41.81	73.00	123.00
237.81	41.81	73.00	123.00
243.00	41.81	73.00	123.00
248.18	46.99	73.00	123.00
253.36	46.99	73.00	123.00
258.55	46.99	73.00	123.00
263.73	52.17	73.00	123.00
268.92	52.17	73.00	123.00
268.92	57.36	73.00	123.00
275.10	58.36	71.00	121.00
275.10	63.43	71.00	121.00
280.18	64.43	70.00	118.00
285.15	69.41	70.00	118.00
290.12	74.38	70.00	118.00
295.09	79.35	70.00	118.00
295.09	84.32	70.00	118.00
300.07	89.30	70.00	118.00
305.04	94.27	70.00	118.00
310.01	98.24	71.00	121.00
315.09	98.24	71.00	121.00
320.16	104.59	71.00	121.00
325.24	109.66	71.00	121.00
330.32	119.81	71.00	121.00
335.39	124.89	71.00	121.00
335.39	129.97	71.00	121.00
340.47	135.04	71.00	121.00
345.54	141.12	70.00	118.00
350.52	146.09	70.00	118.00
355.49	156.04	70.00	118.00
355.49	161.01	70.00	118.00
361.46	166.98	69.00	116.00
361.46	176.74	69.00	116.00
362.46	182.62	67.00	114.00
367.23	187.39	67.00	114.00
367.23	194.17	66.00	111.00
367.23	198.83	66.00	111.00
367.23	203.50	66.00	111.00
368.23	204.50	65.00	109.00
363.66	209.08	65.00	109.00
363.66	209.08	65.00	109.00
363.66	209.08	65.00	109.00
364.66	210.08	63.00	107.00
364.66	207.73	62.00	105.00
364.66	207.73	62.00	105.00
363.55	207.73	62.00	105.00
363.55	203.30	62.00	105.00
363.55	198.87	62.00	105.00
363.55	198.87	62.00	105.00
363.55	194.44	62.00	105.00
367.98	189.01	63.00	107.00
367.98	184.54	63.00	107.00
367.98	180.07	63.00	107.00
372.45	175.60	63.00	107.00
371.45	170.14	65.00	109.00
370.45	164.56	66.00	111.00
370.45	157.89	67.00	114.00
369.45	152.12	69.00	116.00
368.45	146.24	70.00	118.00
363.48	141.27	70.00	118.00
363.48	136.29	70.00	118.00
358.50	131.32	70.00	118.00
358.50	130.32	71.00	121.00
352.43	124.25	73.00	123.00
347.24	119.06	73.00	123.00
342.06	119.06	73.00	123.00
335.88	117.06	74.00	126.00
330.59	117.06	74.00	126.00
319.01	116.06	76.00	128.00
313.62	116.06	76.00	128.00
308.22	115.06	77.00	131.00
297.22	115.06	77.00	131.00
290.72	114.06	79.00	133.00
285.11	114.06	79.00	133.00
279.51	114.06	79.00	133.00
268.29	114.06	79.00	133.00
262.68	114.06	79.00	133.00
257.08	114.06	79.00	133.00
251.47	114.06	79.00	133.00
244.86	117.67	80.00	136.00
239.15	117.67	80.00	136.00
237.15	121.38	84.00	141.00
231.21	121.38	84.00	141.00
225.27	122.86	84.00	141.00
225.27	126.80	85.00	144.00
219.23	126.80	85.00	144.00
219.23	128.80	84.00	141.00
219.23	132.74	85.00	144.00
219.23	132.74	85.00	144.00
219.23	138.78	85.00	144.00
218.23	143.83	87.00	147.00
219.23	144.83	85.00	144.00
219.23	150.87	85.00	144.00
225.27	150.87	85.00	144.00
225.27	152.87	84.00	141.00
231.21	158.81	84.00	141.00
237.15	158.81	84.00	141.00
244.09	153.87	82.00	139.00
250.92	154.87	80.00	136.00
257.63	156.87	79.00	133.00
264.24	157.87	77.00	131.00
269.74	158.87	76.00	128.00
276.13	159.87	74.00	126.00
282.42	161.87	73.00	123.00
287.61	161.87	73.00	123.00
293.79	162.87	71.00	121.00
298.87	163.87	70.00	118.00
299.87	164.87	69.00	116.00
305.75	165.87	67.00	114.00
310.52	165.87	67.00	114.00
312.91	172.64	66.00	111.00
313.91	173.64	65.00	109.00
318.48	173.64	65.00	109.00
319.48	179.22	63.00	107.00
321.72	180.22	62.00	105.00
322.72	181.22	61.00	103.00
327.05	181.22	61.00	103.00
327.05	182.22	60.00	101.00
327.05	182.22	60.00	101.00
331.30	182.22	60.00	101.00
331.30	182.22	60.00	101.00
335.54	180.09	60.00	101.00
335.54	180.09	60.00	101.00
339.79	180.09	60.00	101.00
344.03	175.85	60.00	101.00
348.28	174.85	61.00	103.00
352.61	174.85	61.00	103.00
355.95	173.85	62.00	105.00
360.38	169.42	62.00	105.00
364.81	169.42	62.00	105.00
369.24	168.42	63.00	107.00
373.71	168.42	63.00	107.00
377.18	167.42	65.00	109.00
379.47	167.42	65.00	109.00
384.04	167.42	65.00	109.00
388.62	167.42	65.00	109.00
393.19	162.84	65.00	109.00
393.19	162.84	65.00	109.00
397.77	160.56	65.00	109.00
402.34	160.56	65.00	109.00
407.92	156.98	63.00	107.00
412.39	156.98	63.00	107.00
416.86	152.51	63.00	107.00
417.97	151.39	63.00	107.00
422.44	146.93	63.00	107.00
426.91	146.93	63.00	107.00
426.91	143.46	62.00	105.00
431.34	143.46	62.00	105.00
435.77	143.46	62.00	105.00
435.77	143.46	62.00	105.00
440.20	143.46	62.00	105.00
440.20	143.46	62.00	105.00
444.63	143.46	62.00	105.00
445.63	144.46	61.00	103.00
447.80	144.46	61.00	103.00
452.14	148.80	61.00	103.00
452.14	149.80	60.00	101.00
452.14	149.80	60.00	101.00
456.38	149.80	60.00	101.00
456.38	145.55	60.00	101.00
456.38	141.31	60.00	101.00
460.63	137.06	60.00	101.00
460.63	132.82	60.00	101.00
460.63	128.57	60.00	101.00
456.38	124.33	60.00	101.00
456.38	119.08	61.00	103.00
455.38	113.74	62.00	105.00
450.95	104.88	62.00	105.00
446.52	99.45	63.00	107.00
442.05	90.52	63.00	107.00
435.47	85.05	65.00	109.00
425.32	79.47	66.00	111.00
418.31	74.80	66.00	111.00
408.98	68.14	67.00	114.00
399.43	63.36	67.00	114.00
385.12	58.59	67.00	114.00
369.80	52.82	69.00	116.00
354.16	46.94	70.00	118.00
334.27	41.97	70.00	118.00
319.35	36.99	70.00	118.00
303.19	35.99	71.00	121.00
282.89	30.92	71.00	121.00
267.66	30.92	71.00	121.00
252.43	25.84	71.00	121.00
235.93	25.84	71.00	121.00
215.62	21.77	70.00	118.00
200.71	21.77	70.00	118.00
184.55	16.79	70.00	118.00
169.63	16.79	70.00	118.00
154.71	11.82	70.00	118.00
144.77	11.82	70.00	118.00
133.58	11.82	70.00	118.00
121.15	11.82	70.00	118.00
111.21	11.82	70.00	118.00
101.26	16.79	70.00	118.00
91.32	16.79	70.00	118.00
81.37	21.77	70.00	118.00
71.43	25.74	71.00	121.00
66.35	30.81	71.00	121.00
56.20	35.89	71.00	121.00
51.12	40.97	71.00	121.00
46.04	46.04	71.00	121.00
40.97	52.39	71.00	121.00
37.16	62.54	71.00	121.00
32.08	67.62	71.00	121.00
27.01	72.69	71.00	121.00
27.01	82.85	71.00	121.00
21.93	87.92	71.00	121.00
21.93	94.27	71.00	121.00
16.86	100.35	70.00	118.00
16.86	110.29	70.00	118.00
12.88	116.26	69.00	116.00
13.88	122.14	67.00	114.00
13.88	128.92	66.00	111.00
9.21	133.58	66.00	111.00
10.21	134.58	65.00	109.00
11.21	140.16	63.00	107.00
11.21	140.16	63.00	107.00
11.21	145.63	62.00	105.00
11.21	150.06	62.00	105.00
11.21	154.49	62.00	105.00
11.21	158.92	62.00	105.00
15.64	161.13	62.00	105.00
15.64	165.56	62.00	105.00
15.64	169.99	62.00	105.00
20.07	174.42	62.00	105.00
20.07	178.85	62.00	105.00
24.50	183.28	62.00	105.00
25.50	186.50	61.00	103.00
29.84	190.83	61.00	103.00
29.84	195.17	61.00	103.00
34.18	199.51	61.00	103.00
34.18	203.84	61.00	103.00
38.52	208.18	61.00	103.00
38.52	209.18	60.00	101.00
42.76	213.43	60.00	101.00
42.76	217.67	60.00	101.00
43.76	218.67	59.00	99.00
47.91	222.82	59.00	99.00
47.91	222.82	59.00	99.00
52.07	226.98	59.00	99.00
52.07	231.13	59.00	99.00
52.07	231.13	59.00	99.00
53.07	232.13	57.00	97.00
53.07	236.17	57.00	97.00
53.07	237.17	56.00	95.00
57.07	237.17	56.00	95.00
57.07	237.17	56.00	95.00
57.07	237.17	56.00	95.00
57.07	241.18	56.00	95.00
60.08	241.18	56.00	95.00
60.08	241.18	56.00	95.00
60.08	241.18	56.00	95.00
60.08	241.18	56.00	95.00
64.08	241.18	56.00	95.00
64.08	245.19	56.00	95.00
64.08	245.19	56.00	95.00
64.08	245.19	56.00	95.00
67.09	248.19	57.00	97.00
67.09	248.19	57.00	97.00
67.09	248.19	57.00	97.00
67.09	249.19	56.00	95.00
67.09	252.20	57.00	97.00
67.09	252.20	57.00	97.00
67.09	253.20	56.00	95.00
67.09	257.21	56.00	95.00
67.09	257.21	56.00	95.00
67.09	261.21	56.00	95.00
67.09	261.21	56.00	95.00
67.09	265.22	56.00	95.00
67.09	265.22	56.00	95.00
67.09	269.23	56.00	95.00
67.09	269.23	56.00	95.00
68.09	270.23	55.00	93.00
68.09	270.23	55.00	93.00
68.09	270.23	55.00	93.00
68.09	270.23	55.00	93.00
68.09	270.23	55.00	93.00
68.09	274.14	55.00	93.00
71.02	274.14	55.00	93.00
71.02	278.05	55.00	93.00
71.02	278.05	55.00	93.00
74.94	278.05	55.00	93.00
74.94	278.05	55.00	93.00
78.85	281.97	55.00	93.00
78.85	282.97	54.00	91.00
82.67	282.97	54.00	91.00
84.58	286.79	54.00	91.00
84.58	286.79	54.00	91.00
88.41	286.79	54.00	91.00
88.41	286.79	54.00	91.00
88.41	286.79	54.00	91.00
92.23	286.79	54.00	91.00
92.23	286.79	54.00	91.00
92.23	286.79	54.00	91.00
92.23	286.79	54.00	91.00
92.23	286.79	54.00	91.00
92.23	286.79	54.00	91.00
92.23	286.79	54.00	91.00
92.23	286.79	54.00	91.00
92.23	286.79	54.00	91.00
92.23	286.79	54.00	91.00
92.23	286.79	54.00	91.00
92.23	286.79	54.00	91.00
92.23	286.79	54.00	91.00
92.23	286.79	54.00	91.00
92.23	286.79	54.00	91.00
92.23	286.79	54.00	91.00
92.23	286.79	54.00	91.00
92.23	286.79	54.00	91.00
92.23	286.79	54.00	91.00
92.23	286.79	54.00	91.00
92.23	286.79	54.00	91.00
92.23	286.79	54.00	91.00
92.23	286.79	54.00	91.00
92.23	286.79	54.00	91.00
92.23	286.79	54.00	91.00
92.23	286.79	54.00	91.00
92.23	286.79	54.00	91.00
92.23	286.79	54.00	91.00
92.23	286.79	54.00	91.00
92.23	286.79	54.00	91.00
92.23	286.79	54.00	91.00
92.23	286.79	54.00	91.00
92.23	286.79	54.00	91.00
92.23	286.79	54.00	91.00
92.23	286.79	54.00	91.00
92.23	286.79	54.00	91.00
92.23	286.79	54.00	91.00
92.23	286.79	54.00	91.00
92.23	286.79	54.00	91.00
92.23	286.79	54.00	91.00
92.23	286.79	54.00	91.00
92.23	286.79	54.00	91.00
92.23	286.79	54.00	91.00
92.23	286.79	54.00	91.00
92.23	286.79	54.00	91.00
92.23	286.79	54.00	91.00
92.23	286.79	54.00	91.00
92.23	286.79	54.00	91.00
92.23	286.79	54.00	91.00
92.23	286.79	54.00	91.00
92.23	286.79	54.00	91.00
92.23	286.79	54.00	91.00
92.23	286.79	54.00	91.00
92.23	286.79	54.00	91.00
92.23	286.79	54.00	91.00
92.23	286.79	54.00	91.00
92.23	286.79	54.00	91.00
92.23	286.79	54.00	91.00
92.23	286.79	54.00	91.00
92.23	286.79	54.00	91.00
92.23	286.79	54.00	91.00
92.23	286.79	54.00	91.00
92.23	286.79	54.00	91.00
92.23	286.79	54.00	91.00
92.23	286.79	54.00	91.00
92.23	286.79	54.00	91.00
92.23	286.79	54.00	91.00
92.23	286.79	54.00	91.00
92.23	286.79	54.00	91.00
92.23	286.79	54.00	91.00
92.23	286.79	54.00	91.00
92.23	286.79	54.00	91.00
92.23	286.79	54.00	91.00
92.23	286.79	54.00	91.00
92.23	286.79	54.00	91.00
92.23	286.79	54.00	91.00
92.23	286.79	54.00	91.00
92.23	286.79	54.00	91.00
92.23	286.79	54.00	91.00
92.23	286.79	54.00	91.00
92.23	286.79	54.00	91.00
92.23	286.79	54.00	91.00
92.23	286.79	54.00	91.00
92.23	286.79	54.00	91.00
92.23	286.79	54.00	91.00
92.23	286.79	54.00	91.00
92.23	286.79	54.00	91.00
92.23	286.79	54.00	91.00
92.23	286.79	54.00	91.00
92.23	286.79	54.00	91.00
92.23	286.79	54.00	91.00
92.23	286.79	54.00	91.00
92.23	286.79	54.00	91.00
92.23	286.79	54.00	91.00
92.23	286.79	54.00	91.00
92.23	286.79	54.00	91.00
92.23	286.79	54.00	91.00
92.23	286.79	54.00	91.00
92.23	286.79	54.00	91.00
92.23	286.79	54.00	91.00
92.23	286.79	54.00	91.00
92.23	286.79	54.00	91.00
92.23	286.79	54.00	91.00
92.23	286.79	54.00	91.00
92.23	286.79	54.00	91.00
92.23	286.79	54.00	91.00
92.23	286.79	54.00	91.00
92.23	286.79	54.00	91.00
92.23	286.79	54.00	91.00
92.23	286.79	54.00	91.00
92.23	286.79	54.00	91.00
92.23	286.79	54.00	91.00
92.23	286.79	54.00	91.00
92.23	286.79	54.00	91.00
92.23	286.79	54.00	91.00
92.23	286.79	54.00	91.00
92.23	286.79	54.00	91.00
92.23	286.79	54.00	91.00
92.23	286.79	54.00	91.00
92.23	286.79	54.00	91.00
92.23	286.79	54.00	91.00
92.23	286.79	54.00	91.00
92.23	286.79	54.00	91.00
92.23	286.79	54.00	91.00
92.23	286.79	54.00	91.00
92.23	286.79	54.00	91.00
92.23	286.79	54.00	91.00
92.23	286.79	54.00	91.00
92.23	286.79	54.00	91.00
92.23	286.79	54.00	91.00
92.23	286.79	54.00	91.00
92.23	286.79	54.00	91.00
92.23	286.79	54.00	91.00
92.23	286.79	54.00	91.00
92.23	286.79	54.00	91.00
92.23	286.79	54.00	91.00
92.23	286.79	54.00	91.00
92.23	286.79	54.00	91.00
92.23	286.79	54.00	91.00
92.23	286.79	54.00	91.00
92.23	286.79	54.00	91.00
92.23	286.79	54.00	91.00
92.23	286.79	54.00	91.00
92.23	286.79	54.00	91.00
92.23	286.79	54.00	91.00
92.23	286.79	54.00	91.00
92.23	286.79	54.00	91.00
92.23	286.79	54.00	91.00
92.23	286.79	54.00	91.00
92.23	286.79	54.00	91.00
92.23	286.79	54.00	91.00
92.23	286.79	54.00	91.00
92.23	286.79	54.00	91.00
92.23	286.79	54.00	91.00
92.23	286.79	54.00	91.00
92.23	286.79	54.00	91.00
92.23	286.79	54.00	91.00
92.23	286.79	54.00	91.00
92.23	286.79	54.00	91.00
92.23	286.79	54.00	91.00
92.23	286.79	54.00	91.00
92.23	286.79	54.00	91.00
92.23	286.79	54.00	91.00
92.23	286.79	54.00	91.00
92.23	286.79	54.00	91.00
92.23	286.79	54.00	91.00
92.23	286.79	54.00	91.00
92.23	286.79	54.00	91.00
92.23	286.79	54.00	91.00
92.23	286.79	54.00	91.00
92.23	286.79	54.00	91.00
92.23	286.79	54.00	91.00
92.23	286.79	54.00	91.00
92.23	286.79	54.00	91.00
92.23	286.79	54.00	91.00
92.23	286.79	54.00	91.00
92.23	286.79	54.00	91.00
92.23	286.79	54.00	91.00
92.23	286.79	54.00	91.00
92.23	286.79	54.00	91.00
92.23	286.79	54.00	91.00
92.23	286.79	54.00	91.00
92.23	286.79	54.00	91.00
92.23	286.79	54.00	91.00
92.23	286.79	54.00	91.00
92.23	286.79	54.00	91.00
92.23	286.79	54.00	91.00
92.23	286.79	54.00	91.00
92.23	286.79	54.00	91.00
92.23	286.79	54.00	91.00
92.23	286.79	54.00	91.00
92.23	286.79	54.00	91.00
92.23	286.79	54.00	91.00
92.23	286.79	54.00	91.00
92.23	286.79	54.00	91.00
92.23	286.79	54.00	91.00
92.23	286.79	54.00	91.00
92.23	286.79	54.00	91.00
92.23	286.79	54.00	91.00
92.23	286.79	54.00	91.00
92.23	286.79	54.00	91.00
92.23	286.79	54.00	91.00
92.23	286.79	54.00	91.00
92.23	286.79	54.00	91.00
92.23	286.79	54.00	91.00
92.23	286.79	54.00	91.00
92.23	286.79	54.00	91.00
92.23	286.79	54.00	91.00
92.23	286.79	54.00	91.00
92.23	286.79	54.00	91.00
92.23	286.79	54.00	91.00
92.23	286.79	54.00	91.00
92.23	286.79	54.00	91.00
92.23	286.79	54.00	91.00
92.23	286.79	54.00	91.00
92.23	286.79	54.00	91.00
92.23	286.79	54.00	91.00
92.23	286.79	54.00	91.00
92.23	286.79	54.00	91.00
92.23	286.79	54.00	91.00
92.23	286.79	54.00	91.00
92.23	286.79	54.00	91.00
92.23	286.79	54.00	91.00
92.23	286.79	54.00	91.00
92.23	286.79	54.00	91.00
92.23	286.79	54.00	91.00
92.23	286.79	54.00	91.00
92.23	286.79	54.00	91.00
92.23	286.79	54.00	91.00
92.23	286.79	54.00	91.00
92.23	286.79	54.00	91.00
92.23	286.79	54.00	91.00
92.23	286.79	54.00	91.00
92.23	286.79	54.00	91.00
92.23	286.79	54.00	91.00
92.23	286.79	54.00	91.00
92.23	286.79	54.00	91.00
92.23	286.79	54.00	91.00
92.23	286.79	54.00	91.00
92.23	286.79	54.00	91.00
92.23	286.79	54.00	91.00
92.23	286.79	54.00	91.00
92.23	286.79	54.00	91.00
92.23	286.79	54.00	91.00
92.23	286.79	54.00	91.00
92.23	286.79	54.00	91.00
92.23	286.79	54.00	91.00
92.23	286.79	54.00	91.00
92.23	286.79	54.00	91.00
92.23	286.79	54.00	91.00
92.23	286.79	54.00	91.00
92.23	286.79	54.00	91.00
92.23	286.79	54.00	91.00
92.23	286.79	54.00	91.00
92.23	286.79	54.00	91.00
92.23	286.79	54.00	91.00
92.23	286.79	54.00	91.00
92.23	286.79	54.00	91.00
92.23	286.79	54.00	91.00
92.23	286.79	54.00	91.00
92.23	286.79	54.00	91.00
92.23	286.79	54.00	91.00
92.23	286.79	54.00	91.00
92.23	286.79	54.00	91.00
92.23	286.79	54.00	91.00
92.23	286.79	54.00	91.00
92.23	286.79	54.00	91.00
92.23	286.79	54.00	91.00
92.23	286.79	54.00	91.00
92.23	286.79	54.00	91.00
92.23	286.79	54.00	91.00
92.23	286.79	54.00	91.00
92.23	286.79	54.00	91.00
92.23	286.79	54.00	91.00
92.23	286.79	54.00	91.00
92.23	286.79	54.00	91.00
92.23	286.79	54.00	91.00
92.23	286.79	54.00	91.00
92.23	286.79	54.00	91.00
92.23	286.79	54.00	91.00
92.23	286.79	54.00	91.00
92.23	286.79	54.00	91.00
92.23	286.79	54.00	91.00
92.23	286.79	54.00	91.00
92.23	286.79	54.00	91.00
92.23	286.79	54.00	91.00
92.23	286.79	54.00	91.00
92.23	286.79	54.00	91.00
92.23	286.79	54.00	91.00
92.23	286.79	54.00	91.00
92.23	286.79	54.00	91.00
92.23	286.79	54.00	91.00
92.23	286.79	54.00	91.00
92.23	286.79	54.00	91.00
92.23	286.79	54.00	91.00
92.23	286.79	54.00	91.00
92.23	286.79	54.00	91.00
92.23	286.79	54.00	91.00
92.23	286.79	54.00	91.00
92.23	286.79	54.00	91.00
92.23	286.79	54.00	91.00
92.23	286.79	54.00	91.00
92.23	286.79	54.00	91.00
92.23	286.79	54.00	91.00
92.23	286.79	54.00	91.00
92.23	286.79	54.00	91.00
92.23	286.79	54.00	91.00
92.23	286.79	54.00	91.00
92.23	286.79	54.00	91.00
92.23	286.79	54.00	91.00
92.23	286.79	54.00	91.00
92.23	286.79	54.00	91.00
92.23	286.79	54.00	91.00
92.23	286.79	54.00	91.00
92.23	286.79	54.00	91.00
92.23	286.79	54.00	91.00
92.23	286.79	54.00	91.00
92.23	286.79	54.00	91.00
92.23	286.79	54.00	91.00
92.23	286.79	54.00	91.00
92.23	286.79	54.00	91.00
92.23	286.79	54.00	91.00
92.23	286.79	54.00	91.00
92.23	286.79	54.00	91.00
92.23	286.79	54.00	91.00
92.23	286.79	54.00	91.00
92.23	286.79	54.00	91.00
92.23	286.79	54.00	91.00
92.23	286.79	54.00	91.00
92.23	286.79	54.00	91.00
92.23	286.79	54.00	91.00
92.23	286.79	54.00	91.00
92.23	286.79	54.00	91.00
92.23	286.79	54.00	91.00
92.23	286.79	54.00	91.00
92.23	286.79	54.00	91.00
92.23	286.79	54.00	91.00
92.23	286.79	54.00	91.00
92.23	286.79	54.00	91.00
92.23	286.79	54.00	91.00
92.23	286.79	54.00	91.00
92.23	286.79	54.00	91.00
92.23	286.79	54.00	91.00
92.23	286.79	54.00	91.00
92.23	286.79	54.00	91.00
92.23	286.79	54.00	91.00
92.23	286.79	54.00	91.00
92.23	286.79	54.00	91.00
92.23	286.79	54.00	91.00
92.23	286.79	54.00	91.00
92.23	286.79	54.00	91.00
92.23	286.79	54.00	91.00
92.23	286.79	54.00	91.00
92.23	286.79	54.00	91.00
92.23	286.79	54.00	91.00
92.23	286.79	54.00	91.00
92.23	286.79	54.00	91.00
92.23	286.79	54.00	91.00
92.23	286.79	54.00	91.00
92.23	286.79	54.00	91.00
92.23	286.79	54.00	91.00
92.23	286.79	54.00	91.00
92.23	286.79	54.00	91.00
92.23	286.79	54.00	91.00
92.23	286.79	54.00	91.00
92.23	286.79	54.00	91.00
92.23	286.79	54.00	91.00
92.23	286.79	54.00	91.00
92.23	286.79	54.00	91.00
92.23	286.79	54.00	91.00
92.23	286.79	54.00	91.00
92.23	286.79	54.00	91.00
92.23	286.79	54.00	91.00
92.23	286.79	54.00	91.00
92.23	286.79	54.00	91.00
92.23	286.79	54.00	91.00
92.23	286.79	54.00	91.00
92.23	286.79	54.00	91.00
92.23	286.79	54.00	91.00
92.23	286.79	54.00	91.00
92.23	286.79	54.00	91.00
92.23	286.79	54.00	91.00
92.23	286.79	54.00	91.00
92.23	286.79	54.00	91.00
92.23	286.79	54.00	91.00
92.23	286.79	54.00	91.00
92.23	286.79	54.00	91.00
92.23	286.79	54.00	91.00
92.23	286.79	54.00	91.00
92.23	286.79	54.00	91.00
92.23	286.79	54.00	91.00
92.23	286.79	54.00	91.00
92.23	286.79	54.00	91.00
92.23	286.79	54.00	91.00
92.23	286.79	54.00	91.00
92.23	286.79	54.00	91.00
92.23	286.79	54.00	91.00
92.23	286.79	54.00	91.00
92.23	286.79	54.00	91.00
92.23	286.79	54.00	91.00
92.23	286.79	54.00	91.00
92.23	286.79	54.00	91.00
92.23	286.79	54.00	91.00
92.23	286.79	54.00	91.00
92.23	286.79	54.00	91.00
92.23	286.79	54.00	91.00
92.23	286.79	54.00	91.00
92.23	286.79	54.00	91.00
92.23	286.79	54.00	91.00
92.23	286.79	54.00	91.00
92.23	286.79	54.00	91.00
92.23	286.79	54.00	91.00
92.23	286.79	54.00	91.00
92.23	286.79	54.00	91.00
92.23	286.79	54.00	91.00
92.23	286.79	54.00	91.00
92.23	286.79	54.00	91.00
92.23	286.79	54.00	91.00
92.23	286.79	54.00	91.00
92.23	286.79	54.00	91.00
92.23	286.79	54.00	91.00
92.23	286.79	54.00	91.00
92.23	286.79	54.00	91.00
92.23	286.79	54.00	91.00
92.23	286.79	54.00	91.00
92.23	286.79	54.00	91.00
92.23	286.79	54.00	91.00
92.23	286.79	54.00	91.00
92.23	286.79	54.00	91.00
92.23	286.79	54.00	91.00
92.23	286.79	54.00	91.00
92.23	286.79	54.00	91.00
92.23	286.79	54.00	91.00
92.23	286.79	54.00	91.00
92.23	286.79	54.00	91.00
92.23	286.79	54.00	91.00
92.23	286.79	54.00	91.00
92.23	286.79	54.00	91.00
92.23	286.79	54.00	91.00
92.23	286.79	54.00	91.00
92.23	286.79	54.00	91.00
92.23	286.79	54.00	91.00
92.23	286.79	54.00	91.00
92.23	286.79	54.00	91.00
92.23	286.79	54.00	91.00
92.23	286.79	54.00	91.00
92.23	286.79	54.00	91.00
92.23	286.79	54.00	91.00
92.23	286.79	54.00	91.00
92.23	286.79	54.00	91.00
92.23	286.79	54.00	91.00
92.23	286.79	54.00	91.00
92.23	286.79	54.00	91.00
92.23	286.79	54.00	91.00
92.23	286.79	54.00	91.00
92.23	286.79	54.00	91.00
92.23	286.79	54.00	91.00
92.23	286.79	54.00	91.00
92.23	286.79	54.00	91.00
92.23	286.79	54.00	91.00
92.23	286.79	54.00	91.00
92.23	286.79	54.00	91.00
92.23	286.79	54.00	91.00
92.23	286.79	54.00	91.00
92.23	286.79	54.00	91.00
92.23	286.79	54.00	91.00
92.23	286.79	54.00	91.00
92.23	286.79	54.00	91.00
92.23	286.79	54.00	91.00
92.23	286.79	54.00	91.00
92.23	286.79	54.00	91.00
92.23	286.79	54.00	91.00
92.23	286.79	54.00	91.00
92.23	286.79	54.00	91.00
92.23	286.79	54.00	91.00
92.23	286.79	54.00	91.00
92.23	286.79	54.00	91.00
92.23	286.79	54.00	91.00
92.23	286.79	54.00	91.00
92.23	286.79	54.00	91.00
92.23	286.79	54.00	91.00
92.23	286.79	54.00	91.00
92.23	286.79	54.00	91.00
92.23	286.79	54.00	91.00
92.23	286.79	54.00	91.00
92.23	286.79	54.00	91.00
92.23	286.79	54.00	91.00
92.23	286.79	54.00	91.00
92.23	286.79	54.00	91.00
92.23	286.79	54.00	91.00
92.23	286.79	54.00	91.00
92.23	286.79	54.00	91.00
92.23	286.79	54.00	91.00
92.23	286.79	54.00	91.00
92.23	286.79	54.00	91.00
92.23	286.79	54.00	91.00
92.23	286.79	54.00	91.00
92.23	286.79	54.00	91.00
92.23	286.79	54.00	91.00
92.23	286.79	54.00	91.00
92.23	286.79	54.00	91.00
92.23	286.79	54.00	91.00
92.23	286.79	54.00	91.00
92.23	286.79	54.00	91.00
92.23	286.79	54.00	91.00
92.23	286.79	54.00	91.00
92.23	286.79	54.00	91.00
92.23	286.79	54.00	91.00
92.23	286.79	54.00	91.00
92.23	286.79	54.00	91.00
92.23	286.79	54.00	91.00
92.23	286.79	54.00	91.00
92.23	286.79	54.00	91.00
92.23	286.79	54.00	91.00
92.23	286.79	54.00	91.00
92.23	286.79	54.00	91.00
92.23	286.79	54.00	91.00
92.23	286.79	54.00	91.00
92.23	286.79	54.00	91.00
92.23	286.79	54.00	91.00
92.23	286.79	54.00	91.00
92.23	286.79	54.00	91.00
92.23	286.79	54.00	91.00
92.23	286.79	54.00	91.00
92.23	286.79	54.00	91.00
92.23	286.79	54.00	91.00
92.23	286.79	54.00	91.00
92.23	286.79	54.00	91.00
92.23	286.79	54.00	91.00
92.23	286.79	54.00	91.00
92.23	286.79	54.00	91.00
92.23	286.79	54.00	91.00
92.23	286.79	54.00	91.00
92.23	286.79	54.00	91.00
92.23	286.79	54.00	91.00
92.23	286.79	54.00	91.00
92.23	286.79	54.00	91.00
92.23	286.79	54.00	91.00
92.23	286.79	54.00	91.00
92.23	286.79	54.00	91.00
92.23	286.79	54.00	91.00
92.23	286.79	54.00	91.00
92.23	286.79	54.00	91.00
92.23	286.79	54.00	91.00
92.23	286.79	54.00	91.00
92.23	286.79	54.00	91.00
92.23	286.79	54.00	91.00
92.23	286.79	54.00	91.00
92.23	286.79	54.00	91.00
92.23	286.79	54.00	91.00
92.23	286.79	54.00	91.00
93.23	286.79	53.00	90.00
89.43	286.79	53.00	90.00
92.28	286.79	53.00	90.00
92.28	286.79	53.00	90.00
95.07	286.79	54.00	91.00
93.16	286.79	54.00	91.00
93.16	286.79	54.00	91.00
96.98	286.79	54.00	91.00
93.16	286.79	54.00	91.00
93.16	286.79	54.00	91.00
93.16	286.79	54.00	91.00
93.16	286.79	54.00	91.00
93.16	286.79	54.00	91.00
93.16	286.79	54.00	91.00
93.16	286.79	54.00	91.00
93.16	286.79	54.00	91.00
93.16	286.79	54.00	91.00
93.16	286.79	54.00	91.00
93.16	286.79	54.00	91.00
93.16	286.79	54.00	91.00
93.16	286.79	54.00	91.00
93.16	286.79	54.00	91.00
93.16	286.79	54.00	91.00
93.16	286.79	54.00	91.00
93.16	286.79	54.00	91.00
93.16	286.79	54.00	91.00
93.16	286.79	54.00	91.00
93.16	286.79	54.00	91.00
93.16	286.79	54.00	91.00
93.16	286.79	54.00	91.00
93.16	286.79	54.00	91.00
93.16	286.79	54.00	91.00
93.16	286.79	54.00	91.00
93.16	286.79	54.00	91.00
93.16	286.79	54.00	91.00
93.16	286.79	54.00	91.00
93.16	286.79	54.00	91.00
93.16	286.79	54.00	91.00
93.16	286.79	54.00	91.00
93.16	286.79	54.00	91.00
93.16	286.79	54.00	91.00
93.16	286.79	54.00	91.00
93.16	286.79	54.00	91.00
93.16	286.79	54.00	91.00
93.16	286.79	54.00	91.00
93.16	286.79	54.00	91.00
93.16	286.79	54.00	91.00
93.16	286.79	54.00	91.00
93.16	286.79	54.00	91.00
93.16	286.79	54.00	91.00
93.16	286.79	54.00	91.00
93.16	286.79	54.00	91.00
93.16	286.79	54.00	91.00
93.16	286.79	54.00	91.00
93.16	286.79	54.00	91.00
93.16	286.79	54.00	91.00
93.16	286.79	54.00	91.00
93.16	286.79	54.00	91.00
93.16	286.79	54.00	91.00
93.16	286.79	54.00	91.00
93.16	286.79	54.00	91.00
93.16	286.79	54.00	91.00
93.16	286.79	54.00	91.00
93.16	286.79	54.00	91.00
93.16	286.79	54.00	91.00
93.16	286.79	54.00	91.00
93.16	286.79	54.00	91.00
93.16	286.79	54.00	91.00
93.16	286.79	54.00	91.00
93.16	286.79	54.00	91.00
93.16	286.79	54.00	91.00
93.16	286.79	54.00	91.00
93.16	286.79	54.00	91.00
93.16	286.79	54.00	91.00
93.16	286.79	54.00	91.00
93.16	286.79	54.00	91.00
93.16	286.79	54.00	91.00
93.16	286.79	54.00	91.00
93.16	286.79	54.00	91.00
93.16	286.79	54.00	91.00
93.16	286.79	54.00	91.00
93.16	286.79	54.00	91.00
93.16	286.79	54.00	91.00
93.16	286.79	54.00	91.00
93.16	286.79	54.00	91.00
93.16	286.79	54.00	91.00
93.16	286.79	54.00	91.00
93.16	286.79	54.00	91.00
93.16	286.79	54.00	91.00
93.16	286.79	54.00	91.00
93.16	286.79	54.00	91.00
93.16	286.79	54.00	91.00
93.16	286.79	54.00	91.00
93.16	286.79	54.00	91.00
93.16	286.79	54.00	91.00
93.16	286.79	54.00	91.00
93.16	286.79	54.00	91.00
93.16	286.79	54.00	91.00
93.16	286.79	54.00	91.00
93.16	286.79	54.00	91.00
93.16	286.79	54.00	91.00
93.16	286.79	54.00	91.00
93.16	286.79	54.00	91.00
93.16	286.79	54.00	91.00
93.16	286.79	54.00	91.00
93.16	286.79	54.00	91.00
93.16	286.79	54.00	91.00
93.16	286.79	54.00	91.00
93.16	286.79	54.00	91.00
93.16	286.79	54.00	91.00
93.16	286.79	54.00	91.00
93.16	286.79	54.00	91.00
93.16	286.79	54.00	91.00
93.16	286.79	54.00	91.00
93.16	286.79	54.00	91.00
93.16	286.79	54.00	91.00
93.16	286.79	54.00	91.00
93.16	286.79	54.00	91.00
93.16	286.79	54.00	91.00
93.16	286.79	54.00	91.00
93.16	286.79	54.00	91.00
93.16	286.79	54.00	91.00
93.16	286.79	54.00	91.00
93.16	286.79	54.00	91.00
93.16	286.79	54.00	91.00
93.16	286.79	54.00	91.00
93.16	286.79	54.00	91.00
93.16	286.79	54.00	91.00
93.16	286.79	54.00	91.00
93.16	286.79	54.00	91.00
93.16	286.79	54.00	91.00
93.16	286.79	54.00	91.00
93.16	286.79	54.00	91.00
93.16	286.79	54.00	91.00
93.16	286.79	54.00	91.00
93.16	286.79	54.00	91.00
93.16	286.79	54.00	91.00
93.16	286.79	54.00	91.00
93.16	286.79	54.00	91.00
93.16	286.79	54.00	91.00
93.16	286.79	54.00	91.00
93.16	286.79	54.00	91.00
93.16	286.79	54.00	91.00
93.16	286.79	54.00	91.00
93.16	286.79	54.00	91.00
93.16	286.79	54.00	91.00
93.16	286.79	54.00	91.00
93.16	286.79	54.00	91.00
93.16	286.79	54.00	91.00
93.16	286.79	54.00	91.00
93.16	286.79	54.00	91.00
93.16	286.79	54.00	91.00
93.16	286.79	54.00	91.00
93.16	286.79	54.00	91.00
93.16	286.79	54.00	91.00
93.16	286.79	54.00	91.00
93.16	286.79	54.00	91.00
93.16	286.79	54.00	91.00
93.16	286.79	54.00	91.00
93.16	286.79	54.00	91.00
93.16	286.79	54.00	91.00
93.16	286.79	54.00	91.00
93.16	286.79	54.00	91.00
93.16	286.79	54.00	91.00
93.16	286.79	54.00	91.00
93.16	286.79	54.00	91.00
93.16	286.79	54.00	91.00
93.16	286.79	54.00	91.00
93.16	286.79	54.00	91.00
93.16	286.79	54.00	91.00
93.16	286.79	54.00	91.00
93.16	286.79	54.00	91.00
93.16	286.79	54.00	91.00
93.16	286.79	54.00	91.00
93.16	286.79	54.00	91.00
93.16	286.79	54.00	91.00
93.16	286.79	54.00	91.00
93.16	286.79	54.00	91.00
93.16	286.79	54.00	91.00
93.16	286.79	54.00	91.00
93.16	286.79	54.00	91.00
93.16	286.79	54.00	91.00
93.16	286.79	54.00	91.00
93.16	286.79	54.00	91.00
93.16	286.79	54.00	91.00
93.16	286.79	54.00	91.00
93.16	286.79	54.00	91.00
93.16	286.79	54.00	91.00
93.16	286.79	54.00	91.00
93.16	286.79	54.00	91.00
93.16	286.79	54.00	91.00
93.16	286.79	54.00	91.00
93.16	286.79	54.00	91.00
93.16	286.79	54.00	91.00
93.16	286.79	54.00	91.00
93.16	286.79	54.00	91.00
93.16	286.79	54.00	91.00
93.16	286.79	54.00	91.00
93.16	286.79	54.00	91.00
93.16	286.79	54.00	91.00
93.16	286.79	54.00	91.00
93.16	286.79	54.00	91.00
93.16	286.79	54.00	91.00
93.16	286.79	54.00	91.00
93.16	286.79	54.00	91.00
93.16	286.79	54.00	91.00
93.16	286.79	54.00	91.00
93.16	286.79	54.00	91.00
93.16	286.79	54.00	91.00
93.16	286.79	54.00	91.00
93.16	286.79	54.00	91.00
93.16	286.79	54.00	91.00
93.16	286.79	54.00	91.00
93.16	286.79	54.00	91.00
93.16	286.79	54.00	91.00
93.16	286.79	54.00	91.00
93.16	286.79	54.00	91.00
93.16	286.79	54.00	91.00
93.16	286.79	54.00	91.00
93.16	286.79	54.00	91.00
93.16	286.79	54.00	91.00
93.16	286.79	54.00	91.00
93.16	286.79	54.00	91.00
93.16	286.79	54.00	91.00
93.16	286.79	54.00	91.00
93.16	286.79	54.00	91.00
93.16	286.79	54.00	91.00
93.16	286.79	54.00	91.00
93.16	286.79	54.00	91.00
93.16	286.79	54.00	91.00
93.16	286.79	54.00	91.00
93.16	286.79	54.00	91.00
93.16	286.79	54.00	91.00
93.16	286.79	54.00	91.00
93.16	286.79	54.00	91.00
93.16	286.79	54.00	91.00
93.16	286.79	54.00	91.00
93.16	286.79	54.00	91.00
93.16	286.79	54.00	91.00
93.16	286.79	54.00	91.00
93.16	286.79	54.00	91.00
93.16	286.79	54.00	91.00
93.16	286.79	54.00	91.00
93.16	286.79	54.00	91.00
93.16	286.79	54.00	91.00
93.16	286.79	54.00	91.00
93.16	286.79	54.00	91.00
93.16	286.79	54.00	91.00
93.16	286.79	54.00	91.00
93.16	286.79	54.00	91.00
93.16	286.79	54.00	91.00
93.16	286.79	54.00	91.00
93.16	286.79	54.00	91.00
93.16	286.79	54.00	91.00
93.16	286.79	54.00	91.00
93.16	286.79	54.00	91.00
93.16	286.79	54.00	91.00
93.16	286.79	54.00	91.00
93.16	286.79	54.00	91.00
93.16	286.79	54.00	91.00
93.16	286.79	54.00	91.00
93.16	286.79	54.00	91.00
93.16	286.79	54.00	91.00
93.16	286.79	54.00	91.00
93.16	286.79	54.00	91.00
93.16	286.79	54.00	91.00
93.16	286.79	54.00	91.00
93.16	286.79	54.00	91.00
93.16	286.79	54.00	91.00
93.16	286.79	54.00	91.00
93.16	286.79	54.00	91.00
93.16	286.79	54.00	91.00
93.16	286.79	54.00	91.00
93.16	286.79	54.00	91.00
93.16	286.79	54.00	91.00
93.16	286.79	54.00	91.00
93.16	286.79	54.00	91.00
93.16	286.79	54.00	91.00
93.16	286.79	54.00	91.00
93.16	286.79	54.00	91.00
93.16	286.79	54.00	91.00
93.16	286.79	54.00	91.00
93.16	286.79	54.00	91.00
93.16	286.79	54.00	91.00
93.16	286.79	54.00	91.00
93.16	286.79	54.00	91.00
93.16	286.79	54.00	91.00
93.16	286.79	54.00	91.00
93.16	286.79	54.00	91.00
93.16	286.79	54.00	91.00
93.16	286.79	54.00	91.00
93.16	286.79	54.00	91.00
93.16	286.79	54.00	91.00
93.16	286.79	54.00	91.00
93.16	286.79	54.00	91.00
93.16	286.79	54.00	91.00
93.16	286.79	54.00	91.00
93.16	286.79	54.00	91.00
93.16	286.79	54.00	91.00
93.16	286.79	54.00	91.00
93.16	286.79	54.00	91.00
93.16	286.79	54.00	91.00
93.16	286.79	54.00	91.00
93.16	286.79	54.00	91.00
93.16	286.79	54.00	91.00
93.16	286.79	54.00	91.00
93.16	286.79	54.00	91.00
93.16	286.79	54.00	91.00
93.16	286.79	54.00	91.00
93.16	286.79	54.00	91.00
93.16	286.79	54.00	91.00
93.16	286.79	54.00	91.00
93.16	286.79	54.00	91.00
93.16	286.79	54.00	91.00
93.16	286.79	54.00	91.00
93.16	286.79	54.00	91.00
93.16	286.79	54.00	91.00
93.16	286.79	54.00	91.00
93.16	286.79	54.00	91.00
93.16	286.79	54.00	91.00
93.16	286.79	54.00	91.00
93.16	286.79	54.00	91.00
93.16	286.79	54.00	91.00
93.16	286.79	54.00	91.00
93.16	286.79	54.00	91.00
93.16	286.79	54.00	91.00
93.16	286.79	54.00	91.00
93.16	286.79	54.00	91.00
93.16	286.79	54.00	91.00
93.16	286.79	54.00	91.00
93.16	286.79	54.00	91.00
93.16	286.79	54.00	91.00
93.16	286.79	54.00	91.00
93.16	286.79	54.00	91.00
93.16	286.79	54.00	91.00
93.16	286.79	54.00	91.00
93.16	286.79	54.00	91.00
93.16	286.79	54.00	91.00
93.16	286.79	54.00	91.00
93.16	286.79	54.00	91.00
93.16	286.79	54.00	91.00
93.16	286.79	54.00	91.00
93.16	286.79	54.00	91.00
93.16	286.79	54.00	91.00
93.16	286.79	54.00	91.00
93.16	286.79	54.00	91.00
93.16	286.79	54.00	91.00
93.16	286.79	54.00	91.00
93.16	286.79	54.00	91.00
93.16	286.79	54.00	91.00
93.16	286.79	54.00	91.00
93.16	286.79	54.00	91.00
93.16	286.79	54.00	91.00
93.16	286.79	54.00	91.00
93.16	286.79	54.00	91.00
93.16	286.79	54.00	91.00
93.16	286.79	54.00	91.00
93.16	286.79	54.00	91.00
93.16	286.79	54.00	91.00
93.16	286.79	54.00	91.00
93.16	286.79	54.00	91.00
93.16	286.79	54.00	91.00
93.16	286.79	54.00	91.00
93.16	286.79	54.00	91.00
93.16	286.79	54.00	91.00
93.16	286.79	54.00	91.00
93.16	286.79	54.00	91.00
93.16	286.79	54.00	91.00
93.16	286.79	54.00	91.00
93.16	286.79	54.00	91.00
93.16	286.79	54.00	91.00
93.16	286.79	54.00	91.00
93.16	286.79	54.00	91.00
93.16	286.79	54.00	91.00
93.16	286.79	54.00	91.00
93.16	286.79	54.00	91.00
93.16	286.79	54.00	91.00
93.16	286.79	54.00	91.00
93.16	286.79	54.00	91.00
93.16	286.79	54.00	91.00
93.16	286.79	54.00	91.00
93.16	286.79	54.00	91.00
93.16	286.79	54.00	91.00
93.16	286.79	54.00	91.00
93.16	286.79	54.00	91.00
93.16	286.79	54.00	91.00
93.16	286.79	54.00	91.00
93.16	286.79	54.00	91.00
93.16	286.79	54.00	91.00
93.16	286.79	54.00	91.00
93.16	286.79	54.00	91.00
93.16	286.79	54.00	91.00
93.16	286.79	54.00	91.00
93.16	286.79	54.00	91.00
93.16	286.79	54.00	91.00
93.16	286.79	54.00	91.00
93.16	286.79	54.00	91.00
93.16	286.79	54.00	91.00
93.16	286.79	54.00	91.00
93.16	286.79	54.00	91.00
93.16	286.79	54.00	91.00
93.16	286.79	54.00	91.00
93.16	286.79	54.00	91.00
93.16	286.79	54.00	91.00
93.16	286.79	54.00	91.00
93.16	286.79	54.00	91.00
93.16	286.79	54.00	91.00
93.16	286.79	54.00	91.00
93.16	286.79	54.00	91.00
93.16	286.79	54.00	91.00
93.16	286.79	54.00	91.00
93.16	286.79	54.00	91.00
93.16	286.79	54.00	91.00
93.16	286.79	54.00	91.00
93.16	286.79	54.00	91.00
93.16	286.79	54.00	91.00
93.16	286.79	54.00	91.00
93.16	286.79	54.00	91.00
93.16	286.79	54.00	91.00
93.16	286.79	54.00	91.00
93.16	286.79	54.00	91.00
93.16	286.79	54.00	91.00
93.16	286.79	54.00	91.00
93.16	286.79	54.00	91.00
93.16	286.79	54.00	91.00
93.16	286.79	54.00	91.00
93.16	286.79	54.00	91.00
93.16	286.79	54.00	91.00
93.16	286.79	54.00	91.00
93.16	286.79	54.00	91.00
93.16	286.79	54.00	91.00
93.16	286.79	54.00	91.00
93.16	286.79	54.00	91.00
93.16	286.79	54.00	91.00
93.16	286.79	54.00	91.00
93.16	286.79	54.00	91.00
93.16	286.79	54.00	91.00
93.16	286.79	54.00	91.00
93.16	286.79	54.00	91.00
93.16	286.79	54.00	91.00
93.16	286.79	54.00	91.00
93.16	286.79	54.00	91.00
93.16	286.79	54.00	91.00
93.16	286.79	54.00	91.00
93.16	286.79	54.00	91.00
93.16	286.79	54.00	91.00
93.16	286.79	54.00	91.00
94.16	286.79	53.00	90.00
