84.00	53.00	62.00	70.00
87.52	53.00	62.00	70.00
87.52	53.00	62.00	70.00
91.04	53.00	62.00	70.00
92.04	55.00	60.00	67.00
93.04	55.00	58.00	66.00
94.04	56.00	57.00	65.00
94.04	56.00	57.00	65.00
89.81	55.00	58.00	66.00
88.81	55.00	60.00	67.00
88.81	55.00	60.00	67.00
85.41	55.00	60.00	67.00
85.41	55.00	60.00	67.00
85.41	55.00	60.00	67.00
82.01	55.00	60.00	67.00
83.01	55.00	58.00	66.00
80.71	59.30	57.00	65.00
79.71	58.30	58.00	66.00
76.40	58.30	58.00	66.00
77.40	62.61	57.00	65.00
73.18	61.61	58.00	66.00
73.18	61.61	58.00	66.00
73.18	61.61	58.00	66.00
76.48	61.61	58.00	66.00
76.48	61.61	58.00	66.00
76.48	61.61	58.00	66.00
79.79	61.61	58.00	66.00
79.79	58.30	58.00	66.00
79.79	58.30	58.00	66.00
83.09	58.30	58.00	66.00
84.09	59.30	57.00	65.00
84.09	60.30	56.00	63.00
87.28	57.12	56.00	63.00
87.28	57.12	56.00	63.00
90.47	57.12	56.00	63.00
90.47	57.12	56.00	63.00
93.65	57.12	56.00	63.00
93.65	57.12	56.00	63.00
93.65	56.12	57.00	65.00
93.65	56.12	57.00	65.00
96.88	56.12	57.00	65.00
96.88	56.12	57.00	65.00
96.88	56.12	57.00	65.00
96.88	56.12	57.00	65.00
96.88	56.12	57.00	65.00
100.10	56.12	57.00	65.00
96.88	60.34	56.00	63.00
100.06	60.34	56.00	63.00
100.06	59.34	57.00	65.00
96.84	59.34	57.00	65.00
100.06	59.34	57.00	65.00
96.84	59.34	57.00	65.00
96.84	59.34	57.00	65.00
96.84	59.34	57.00	65.00
96.84	59.34	57.00	65.00
96.84	59.34	57.00	65.00
96.84	59.34	57.00	65.00
96.84	60.34	56.00	63.00
96.84	60.34	56.00	63.00
93.65	58.55	57.00	65.00
93.65	58.55	57.00	65.00
93.65	58.55	57.00	65.00
93.65	58.55	57.00	65.00
93.65	58.55	57.00	65.00
90.43	58.55	57.00	65.00
90.43	58.55	57.00	65.00
90.43	58.55	57.00	65.00
90.43	58.55	57.00	65.00
87.20	58.55	57.00	65.00
87.20	58.55	57.00	65.00
87.20	58.55	57.00	65.00
87.20	58.55	57.00	65.00
87.20	58.55	57.00	65.00
83.98	58.55	57.00	65.00
83.98	58.55	57.00	65.00
83.98	58.55	57.00	65.00
83.98	58.55	57.00	65.00
83.98	58.55	57.00	65.00
83.98	58.55	57.00	65.00
83.98	58.55	57.00	65.00
83.98	58.55	57.00	65.00
83.98	58.55	57.00	65.00
83.98	58.55	57.00	65.00
83.98	58.55	57.00	65.00
83.98	58.55	57.00	65.00
83.98	58.55	57.00	65.00
83.98	58.55	57.00	65.00
83.98	58.55	57.00	65.00
83.98	58.55	57.00	65.00
83.98	58.55	57.00	65.00
81.56	58.55	57.00	65.00
81.56	58.55	57.00	65.00
81.56	58.55	57.00	65.00
81.56	58.55	57.00	65.00
81.56	58.55	57.00	65.00
81.56	58.55	57.00	65.00
81.56	58.55	57.00	65.00
81.56	58.55	57.00	65.00
81.56	58.55	57.00	65.00
81.56	58.55	57.00	65.00
81.56	58.55	57.00	65.00
81.56	58.55	57.00	65.00
81.56	58.55	57.00	65.00
81.56	58.55	57.00	65.00
81.56	58.55	57.00	65.00
81.56	58.55	57.00	65.00
81.56	58.55	57.00	65.00
81.56	58.55	57.00	65.00
81.56	58.55	57.00	65.00
81.56	58.55	57.00	65.00
84.78	58.55	57.00	65.00
84.78	58.55	57.00	65.00
84.78	58.55	57.00	65.00
84.78	58.55	57.00	65.00
84.78	58.55	57.00	65.00
84.78	58.55	57.00	65.00
84.78	58.55	57.00	65.00
88.01	58.55	57.00	65.00
84.78	58.55	57.00	65.00
88.01	58.55	57.00	65.00
88.01	58.55	57.00	65.00
88.01	58.55	57.00	65.00
88.01	58.55	57.00	65.00
88.01	58.55	57.00	65.00
88.01	58.55	57.00	65.00
88.01	58.55	57.00	65.00
88.01	58.55	57.00	65.00
88.01	58.55	57.00	65.00
88.01	58.55	57.00	65.00
88.01	58.55	57.00	65.00
88.01	58.55	57.00	65.00
88.01	58.55	57.00	65.00
84.78	58.55	57.00	65.00
84.78	58.55	57.00	65.00
84.78	58.55	57.00	65.00
84.78	58.55	57.00	65.00
81.56	58.55	57.00	65.00
81.56	58.55	57.00	65.00
81.56	58.55	57.00	65.00
81.56	58.55	57.00	65.00
81.56	58.55	57.00	65.00
81.56	58.55	57.00	65.00
81.56	58.55	57.00	65.00
81.56	58.55	57.00	65.00
81.56	58.55	57.00	65.00
84.78	58.55	57.00	65.00
84.78	58.55	57.00	65.00
88.01	58.55	57.00	65.00
88.01	58.55	57.00	65.00
88.01	58.55	57.00	65.00
87.01	57.55	58.00	66.00
87.01	57.55	58.00	66.00
87.01	57.55	58.00	66.00
87.01	57.55	58.00	66.00
87.01	57.55	58.00	66.00
87.01	54.24	58.00	66.00
87.01	57.55	58.00	66.00
87.01	54.24	58.00	66.00
87.01	57.55	58.00	66.00
87.01	54.24	58.00	66.00
83.70	57.55	58.00	66.00
83.70	54.24	58.00	66.00
83.70	57.55	58.00	66.00
83.70	54.24	58.00	66.00
80.40	57.55	58.00	66.00
80.40	54.24	58.00	66.00
80.40	57.55	58.00	66.00
80.40	54.24	58.00	66.00
80.40	57.55	58.00	66.00
77.09	54.24	58.00	66.00
77.09	54.24	58.00	66.00
77.09	54.24	58.00	66.00
77.09	54.24	58.00	66.00
77.09	54.24	58.00	66.00
77.09	54.24	58.00	66.00
77.09	54.24	58.00	66.00
77.09	54.24	58.00	66.00
77.09	54.24	58.00	66.00
77.09	54.24	58.00	66.00
77.09	54.24	58.00	66.00
77.09	54.24	58.00	66.00
80.40	54.24	58.00	66.00
80.40	54.24	58.00	66.00
80.40	54.24	58.00	66.00
83.70	54.24	58.00	66.00
83.70	54.24	58.00	66.00
83.70	54.24	58.00	66.00
87.01	54.24	58.00	66.00
87.01	54.24	58.00	66.00
90.31	54.24	58.00	66.00
90.31	57.55	58.00	66.00
93.62	54.24	58.00	66.00
93.62	57.55	58.00	66.00
93.62	57.55	58.00	66.00
93.62	57.55	58.00	66.00
96.92	54.24	58.00	66.00
96.92	57.55	58.00	66.00
95.92	54.24	60.00	67.00
95.92	54.24	60.00	67.00
95.92	54.24	60.00	67.00
95.92	57.64	60.00	67.00
92.52	57.64	60.00	67.00
92.52	54.24	60.00	67.00
92.52	53.24	61.00	69.00
89.08	53.24	61.00	69.00
89.08	53.24	61.00	69.00
85.65	53.24	61.00	69.00
85.65	53.24	61.00	69.00
85.65	53.24	61.00	69.00
82.21	53.24	61.00	69.00
82.21	53.24	61.00	69.00
78.77	53.24	61.00	69.00
78.77	53.24	61.00	69.00
78.77	53.24	61.00	69.00
78.77	53.24	61.00	69.00
75.33	53.24	61.00	69.00
74.33	52.24	62.00	70.00
74.33	52.24	62.00	70.00
74.33	52.24	62.00	70.00
74.33	52.24	62.00	70.00
74.33	48.72	62.00	70.00
77.85	48.72	62.00	70.00
77.85	48.72	62.00	70.00
77.85	48.72	62.00	70.00
77.85	48.72	62.00	70.00
81.37	45.21	62.00	70.00
81.37	48.72	63.00	71.00
81.37	48.72	63.00	71.00
84.91	45.18	63.00	71.00
88.46	45.18	63.00	71.00
92.00	45.18	63.00	71.00
92.00	45.18	63.00	71.00
96.43	45.18	63.00	71.00
100.87	45.18	63.00	71.00
107.96	48.72	63.00	71.00
111.50	48.72	63.00	71.00
118.59	48.72	63.00	71.00
123.02	48.72	63.00	71.00
130.11	48.72	63.00	71.00
134.54	48.72	63.00	71.00
142.52	48.72	63.00	71.00
146.95	48.72	63.00	71.00
154.04	45.18	63.00	71.00
157.59	45.18	63.00	71.00
162.02	45.18	63.00	71.00
166.45	45.18	63.00	71.00
170.88	45.18	63.00	71.00
174.43	45.18	63.00	71.00
177.97	45.18	63.00	71.00
181.52	45.18	63.00	71.00
184.17	45.18	63.00	71.00
184.17	45.18	63.00	71.00
187.72	45.18	63.00	71.00
187.72	45.18	63.00	71.00
191.26	45.18	63.00	71.00
191.26	45.18	63.00	71.00
191.26	45.18	63.00	71.00
191.26	45.18	63.00	71.00
191.26	45.18	63.00	71.00
191.26	45.18	63.00	71.00
191.26	45.18	63.00	71.00
187.72	45.18	63.00	71.00
187.72	45.18	63.00	71.00
187.72	45.18	63.00	71.00
184.17	45.18	63.00	71.00
180.63	45.18	63.00	71.00
180.63	45.18	63.00	71.00
177.08	45.18	63.00	71.00
173.54	45.18	63.00	71.00
169.99	48.72	62.00	70.00
166.48	48.72	62.00	70.00
162.96	48.72	62.00	70.00
159.44	48.72	62.00	70.00
155.92	48.72	62.00	70.00
151.52	48.72	62.00	70.00
144.49	48.72	62.00	70.00
140.97	48.72	62.00	70.00
136.57	48.72	62.00	70.00
132.17	48.72	62.00	70.00
127.77	48.72	62.00	70.00
119.86	48.72	62.00	70.00
116.34	48.72	62.00	70.00
112.82	48.72	62.00	70.00
108.42	48.72	62.00	70.00
104.90	48.72	62.00	70.00
100.51	48.72	62.00	70.00
96.99	48.72	62.00	70.00
94.47	50.60	61.00	69.00
94.47	50.60	61.00	69.00
91.03	50.60	61.00	69.00
87.59	50.60	61.00	69.00
87.59	50.60	61.00	69.00
87.59	50.60	61.00	69.00
84.15	50.60	61.00	69.00
84.15	50.60	61.00	69.00
84.15	50.60	61.00	69.00
84.15	50.60	61.00	69.00
80.72	50.60	61.00	69.00
84.15	50.60	61.00	69.00
80.72	50.60	61.00	69.00
84.15	50.60	61.00	69.00
84.15	50.60	61.00	69.00
84.15	50.60	61.00	69.00
84.15	51.60	60.00	67.00
87.55	51.60	60.00	67.00
87.55	51.60	60.00	67.00
90.95	51.60	60.00	67.00
90.95	51.60	60.00	67.00
95.20	51.60	60.00	67.00
98.60	51.60	60.00	67.00
98.60	51.60	60.00	67.00
102.85	51.60	60.00	67.00
107.10	55.00	60.00	67.00
111.34	51.60	60.00	67.00
116.59	55.00	58.00	66.00
119.90	55.00	58.00	66.00
126.51	55.00	58.00	66.00
130.81	56.00	57.00	65.00
137.26	56.00	57.00	65.00
140.49	56.00	57.00	65.00
144.52	56.00	57.00	65.00
151.77	56.00	57.00	65.00
155.00	56.00	57.00	65.00
160.64	56.00	57.00	65.00
163.87	56.00	57.00	65.00
167.90	56.00	57.00	65.00
171.93	56.00	57.00	65.00
175.96	56.00	57.00	65.00
179.99	56.00	57.00	65.00
184.02	56.00	57.00	65.00
187.25	56.00	57.00	65.00
190.47	56.00	57.00	65.00
193.70	56.00	57.00	65.00
196.92	56.00	57.00	65.00
196.92	56.00	57.00	65.00
200.15	56.00	57.00	65.00
200.15	56.00	57.00	65.00
203.37	56.00	57.00	65.00
203.37	56.00	57.00	65.00
206.60	59.23	57.00	65.00
206.60	59.23	57.00	65.00
206.60	59.23	57.00	65.00
206.60	59.23	57.00	65.00
206.60	59.23	57.00	65.00
206.60	59.23	57.00	65.00
206.60	56.00	57.00	65.00
206.60	56.00	57.00	65.00
205.60	55.00	58.00	66.00
202.29	55.00	58.00	66.00
202.29	55.00	58.00	66.00
202.29	55.00	58.00	66.00
198.99	55.00	58.00	66.00
198.99	55.00	58.00	66.00
195.68	55.00	58.00	66.00
195.68	55.00	58.00	66.00
192.38	55.00	58.00	66.00
192.38	55.00	58.00	66.00
188.25	55.00	58.00	66.00
184.94	55.00	58.00	66.00
181.64	55.00	58.00	66.00
181.64	55.00	58.00	66.00
176.51	51.70	60.00	67.00
173.11	51.70	60.00	67.00
169.71	51.70	60.00	67.00
166.31	51.70	60.00	67.00
166.31	50.70	61.00	69.00
162.01	50.70	61.00	69.00
158.57	50.70	61.00	69.00
158.57	50.70	61.00	69.00
154.28	50.70	61.00	69.00
150.84	50.70	61.00	69.00
150.84	50.70	61.00	69.00
147.40	50.70	61.00	69.00
143.96	50.70	61.00	69.00
143.96	50.70	61.00	69.00
140.52	50.70	61.00	69.00
140.52	50.70	61.00	69.00
137.08	50.70	61.00	69.00
137.08	50.70	61.00	69.00
133.65	50.70	61.00	69.00
133.65	50.70	61.00	69.00
133.65	50.70	61.00	69.00
133.65	50.70	61.00	69.00
130.21	50.70	61.00	69.00
130.21	50.70	61.00	69.00
130.21	50.70	61.00	69.00
130.21	50.70	61.00	69.00
130.21	50.70	61.00	69.00
130.21	50.70	61.00	69.00
130.21	50.70	61.00	69.00
133.65	50.70	61.00	69.00
133.65	50.70	61.00	69.00
133.65	50.70	61.00	69.00
137.08	50.70	61.00	69.00
136.08	49.70	62.00	70.00
139.60	49.70	62.00	70.00
139.60	49.70	62.00	70.00
143.12	46.18	62.00	70.00
146.64	46.18	62.00	70.00
146.64	46.18	62.00	70.00
151.04	46.18	62.00	70.00
154.56	46.18	63.00	71.00
158.10	46.18	63.00	71.00
161.65	46.18	63.00	71.00
166.08	46.18	63.00	71.00
169.62	46.18	63.00	71.00
174.05	46.18	63.00	71.00
177.60	42.63	63.00	71.00
181.03	41.63	65.00	73.00
184.68	41.63	65.00	73.00
188.33	41.63	65.00	73.00
191.98	41.63	65.00	73.00
196.55	41.63	65.00	73.00
199.20	40.63	66.00	74.00
202.93	40.63	66.00	74.00
206.66	40.63	66.00	74.00
206.66	40.63	66.00	74.00
211.33	40.63	66.00	74.00
215.06	40.63	66.00	74.00
216.93	40.63	66.00	74.00
220.66	40.63	66.00	74.00
220.66	40.63	66.00	74.00
224.39	40.63	66.00	74.00
224.39	39.63	67.00	76.00
224.39	39.63	67.00	76.00
228.22	39.63	67.00	76.00
228.22	39.63	67.00	76.00
228.22	39.63	67.00	76.00
228.22	39.63	67.00	76.00
228.22	39.63	67.00	76.00
228.22	39.63	67.00	76.00
224.39	39.63	67.00	76.00
224.39	39.63	67.00	76.00
224.39	39.63	67.00	76.00
220.57	39.63	67.00	76.00
220.57	39.63	67.00	76.00
216.74	39.63	67.00	76.00
216.74	39.63	67.00	76.00
212.92	39.63	67.00	76.00
209.09	39.63	67.00	76.00
205.27	39.63	67.00	76.00
200.44	35.81	68.00	77.00
200.44	39.66	68.00	77.00
195.63	35.81	68.00	77.00
189.85	35.81	68.00	77.00
186.00	35.81	68.00	77.00
181.18	35.81	68.00	77.00
177.33	35.81	68.00	77.00
173.48	35.81	68.00	77.00
169.63	35.81	68.00	77.00
164.82	35.81	68.00	77.00
160.96	35.81	68.00	77.00
157.11	35.81	68.00	77.00
153.26	35.81	68.00	77.00
149.41	35.81	68.00	77.00
145.56	35.81	68.00	77.00
141.71	35.81	68.00	77.00
141.71	35.81	68.00	77.00
137.86	35.81	68.00	77.00
134.00	35.81	68.00	77.00
134.00	35.81	68.00	77.00
134.00	35.81	68.00	77.00
130.15	35.81	68.00	77.00
130.15	35.81	68.00	77.00
130.15	35.81	68.00	77.00
130.15	39.66	68.00	77.00
130.15	39.66	68.00	77.00
130.15	39.66	68.00	77.00
130.15	39.66	68.00	77.00
130.15	39.66	68.00	77.00
130.15	39.66	68.00	77.00
130.15	39.66	68.00	77.00
134.00	39.66	68.00	77.00
134.00	43.51	68.00	77.00
135.00	43.51	67.00	76.00
138.83	43.51	67.00	76.00
138.83	44.51	66.00	74.00
142.56	44.51	66.00	74.00
142.56	44.51	66.00	74.00
146.29	44.51	66.00	74.00
147.29	45.51	65.00	73.00
147.29	49.16	65.00	73.00
150.94	49.16	65.00	73.00
150.94	49.16	65.00	73.00
150.94	49.16	65.00	73.00
150.94	49.16	65.00	73.00
154.60	49.16	65.00	73.00
155.60	50.16	63.00	71.00
155.60	53.71	63.00	71.00
155.60	53.71	63.00	71.00
155.60	53.71	63.00	71.00
155.60	53.71	62.00	70.00
152.08	53.71	62.00	70.00
152.08	53.71	62.00	70.00
153.08	52.95	61.00	69.00
153.08	52.95	61.00	69.00
149.64	52.95	61.00	69.00
149.64	52.95	61.00	69.00
149.64	52.95	61.00	69.00
146.20	52.95	61.00	69.00
146.20	52.95	61.00	69.00
142.76	52.95	61.00	69.00
142.76	53.95	60.00	67.00
139.36	57.35	60.00	67.00
135.97	53.95	60.00	67.00
135.97	57.35	60.00	67.00
131.72	57.35	60.00	67.00
129.32	57.35	58.00	66.00
126.01	57.35	58.00	66.00
122.71	57.35	58.00	66.00
120.40	58.35	57.00	65.00
117.18	58.35	57.00	65.00
113.95	58.35	57.00	65.00
113.95	58.35	57.00	65.00
109.92	61.57	57.00	65.00
106.70	62.57	56.00	63.00
104.51	62.57	55.00	62.00
101.41	62.57	55.00	62.00
101.41	62.57	55.00	62.00
98.30	62.57	55.00	62.00
95.20	62.57	55.00	62.00
95.20	62.57	55.00	62.00
95.20	62.57	55.00	62.00
92.09	62.57	55.00	62.00
92.09	62.57	55.00	62.00
90.54	62.57	55.00	62.00
90.54	62.57	55.00	62.00
90.54	62.57	55.00	62.00
90.54	62.57	55.00	62.00
90.54	62.57	55.00	62.00
90.54	62.57	55.00	62.00
90.54	62.57	55.00	62.00
90.54	62.57	55.00	62.00
90.54	62.57	55.00	62.00
90.54	62.57	55.00	62.00
90.54	62.57	55.00	62.00
90.54	62.57	55.00	62.00
90.54	63.57	54.00	61.00
93.62	63.57	54.00	61.00
93.62	63.57	54.00	61.00
93.62	63.57	54.00	61.00
96.70	63.57	54.00	61.00
96.70	63.57	54.00	61.00
99.77	60.50	54.00	61.00
99.77	60.50	54.00	61.00
102.85	60.50	54.00	61.00
105.93	60.50	54.00	61.00
105.93	60.50	54.00	61.00
109.01	60.50	54.00	61.00
112.09	60.50	54.00	61.00
113.63	60.50	54.00	61.00
116.71	60.50	54.00	61.00
116.71	60.50	54.00	61.00
119.79	60.50	54.00	61.00
122.86	60.50	54.00	61.00
125.94	60.50	54.00	61.00
125.94	60.50	54.00	61.00
129.79	60.50	54.00	61.00
132.87	60.50	54.00	61.00
135.95	60.50	54.00	61.00
135.95	60.50	54.00	61.00
140.80	63.57	53.00	60.00
143.79	63.57	53.00	60.00
143.79	64.57	52.00	59.00
146.77	64.57	52.00	59.00
146.77	64.57	52.00	59.00
149.74	64.57	52.00	59.00
151.97	64.57	52.00	59.00
151.97	64.57	52.00	59.00
154.94	64.57	52.00	59.00
154.94	64.57	52.00	59.00
154.94	64.57	52.00	59.00
154.94	64.57	52.00	59.00
157.91	64.57	52.00	59.00
157.91	64.57	52.00	59.00
157.91	63.57	53.00	60.00
157.91	63.57	53.00	60.00
157.91	63.57	53.00	60.00
157.91	63.57	53.00	60.00
157.91	63.57	53.00	60.00
153.91	60.58	54.00	61.00
153.91	62.65	55.00	62.00
152.91	59.55	56.00	63.00
149.73	59.55	56.00	63.00
149.73	59.55	56.00	63.00
148.13	59.55	56.00	63.00
148.13	59.55	56.00	63.00
144.95	59.55	56.00	63.00
144.95	58.55	57.00	65.00
140.72	54.32	58.00	66.00
140.72	54.32	58.00	66.00
137.42	54.32	58.00	66.00
137.42	54.32	58.00	66.00
137.42	54.32	58.00	66.00
134.11	54.32	58.00	66.00
133.11	54.32	60.00	67.00
129.72	54.32	60.00	67.00
129.72	54.32	60.00	67.00
129.72	54.32	60.00	67.00
126.32	54.32	60.00	67.00
126.32	54.32	60.00	67.00
126.32	54.32	60.00	67.00
126.32	54.32	60.00	67.00
126.32	54.32	60.00	67.00
126.32	54.32	60.00	67.00
126.32	54.32	60.00	67.00
126.32	54.32	60.00	67.00
126.32	54.32	60.00	67.00
126.32	54.32	60.00	67.00
129.72	54.32	60.00	67.00
129.72	53.32	61.00	69.00
129.72	53.32	61.00	69.00
131.43	53.32	61.00	69.00
131.43	53.32	61.00	69.00
134.87	53.32	61.00	69.00
137.45	53.32	61.00	69.00
137.45	53.32	61.00	69.00
140.89	53.32	61.00	69.00
144.33	49.89	61.00	69.00
144.33	53.32	61.00	69.00
148.63	49.89	61.00	69.00
152.06	49.89	61.00	69.00
154.50	48.89	62.00	70.00
158.02	48.89	62.00	70.00
161.54	48.89	62.00	70.00
161.54	48.89	62.00	70.00
165.94	48.89	62.00	70.00
170.34	48.89	62.00	70.00
173.85	45.37	62.00	70.00
177.37	45.37	62.00	70.00
180.89	45.37	62.00	70.00
184.41	45.37	63.00	71.00
185.30	45.37	63.00	71.00
188.84	45.37	63.00	71.00
192.39	45.37	63.00	71.00
195.93	45.37	63.00	71.00
198.48	44.37	65.00	73.00
198.48	44.37	65.00	73.00
202.13	44.37	65.00	73.00
202.13	44.37	65.00	73.00
205.78	44.37	65.00	73.00
209.43	44.37	65.00	73.00
209.43	44.37	65.00	73.00
209.43	44.37	65.00	73.00
213.08	44.37	65.00	73.00
213.08	44.37	65.00	73.00
213.08	44.37	65.00	73.00
213.08	44.37	65.00	73.00
213.08	44.37	65.00	73.00
213.08	44.37	65.00	73.00
213.08	44.37	65.00	73.00
213.08	44.37	65.00	73.00
213.08	44.37	65.00	73.00
213.08	44.37	65.00	73.00
213.08	44.37	65.00	73.00
213.08	44.37	65.00	73.00
213.08	44.37	65.00	73.00
209.43	44.37	65.00	73.00
209.43	44.37	65.00	73.00
209.43	44.37	65.00	73.00
205.78	44.37	65.00	73.00
205.78	44.37	65.00	73.00
202.13	44.37	65.00	73.00
197.48	39.72	66.00	74.00
197.48	38.72	67.00	76.00
193.65	38.72	67.00	76.00
189.83	38.72	67.00	76.00
186.00	38.72	67.00	76.00
182.18	38.72	67.00	76.00
179.31	38.72	67.00	76.00
175.48	38.72	67.00	76.00
171.66	34.89	67.00	76.00
167.83	34.89	67.00	76.00
164.01	34.89	67.00	76.00
160.18	34.89	67.00	76.00
156.36	34.89	67.00	76.00
152.53	34.89	67.00	76.00
152.53	34.89	67.00	76.00
147.75	34.89	67.00	76.00
143.93	34.89	67.00	76.00
140.10	34.89	67.00	76.00
136.28	34.89	67.00	76.00
132.45	34.89	67.00	76.00
132.45	34.89	67.00	76.00
128.63	34.89	67.00	76.00
124.81	34.89	67.00	76.00
124.81	34.89	67.00	76.00
120.98	34.89	67.00	76.00
120.98	34.89	67.00	76.00
117.16	34.89	67.00	76.00
113.33	34.89	67.00	76.00
113.33	34.89	67.00	76.00
113.33	34.89	67.00	76.00
109.51	34.89	67.00	76.00
109.51	34.89	67.00	76.00
109.51	34.89	67.00	76.00
109.51	34.89	67.00	76.00
109.51	34.89	67.00	76.00
109.51	34.89	67.00	76.00
109.51	34.89	67.00	76.00
109.51	34.89	67.00	76.00
109.51	34.89	67.00	76.00
109.51	34.89	67.00	76.00
109.51	34.89	67.00	76.00
109.51	34.89	67.00	76.00
109.51	34.89	67.00	76.00
113.33	34.89	67.00	76.00
113.33	34.89	67.00	76.00
113.33	34.89	67.00	76.00
117.16	34.89	67.00	76.00
117.16	34.89	67.00	76.00
117.16	35.89	66.00	74.00
120.89	39.62	66.00	74.00
120.89	39.62	66.00	74.00
120.89	39.62	66.00	74.00
124.62	39.62	66.00	74.00
124.62	39.62	66.00	74.00
124.62	39.62	66.00	74.00
128.35	39.62	66.00	74.00
128.35	39.62	66.00	74.00
128.35	43.35	66.00	74.00
129.35	44.35	65.00	73.00
129.35	44.35	65.00	73.00
133.00	44.35	65.00	73.00
133.00	44.35	65.00	73.00
133.00	44.35	65.00	73.00
129.35	44.35	65.00	73.00
129.35	44.35	65.00	73.00
129.35	44.35	65.00	73.00
129.35	44.35	65.00	73.00
129.35	44.35	65.00	73.00
125.70	44.35	65.00	73.00
125.70	44.35	65.00	73.00
125.70	44.35	65.00	73.00
122.05	44.35	65.00	73.00
119.40	45.35	63.00	71.00
115.85	45.35	63.00	71.00
115.85	45.35	63.00	71.00
111.42	45.35	63.00	71.00
106.99	45.35	62.00	70.00
103.47	45.35	62.00	70.00
99.07	45.35	62.00	70.00
94.67	45.35	62.00	70.00
91.28	49.87	61.00	69.00
86.98	49.87	61.00	69.00
82.68	49.87	61.00	69.00
78.38	49.87	61.00	69.00
74.08	49.87	61.00	69.00
69.79	49.87	61.00	69.00
66.35	49.87	61.00	69.00
62.91	50.87	60.00	67.00
59.51	50.87	60.00	67.00
56.11	50.87	60.00	67.00
56.11	50.87	60.00	67.00
52.71	54.27	60.00	67.00
52.71	50.87	60.00	67.00
49.31	54.27	60.00	67.00
49.31	54.27	60.00	67.00
49.31	54.27	60.00	67.00
49.31	54.27	60.00	67.00
49.31	54.27	60.00	67.00
49.31	54.27	60.00	67.00
49.31	54.27	60.00	67.00
49.31	54.27	60.00	67.00
52.71	54.27	60.00	67.00
52.71	54.27	60.00	67.00
52.71	54.27	60.00	67.00
56.11	54.27	60.00	67.00
56.11	54.27	60.00	67.00
59.51	54.27	60.00	67.00
60.51	54.27	58.00	66.00
63.82	54.27	58.00	66.00
67.12	54.27	58.00	66.00
70.43	54.27	58.00	66.00
73.73	54.27	58.00	66.00
74.73	55.27	57.00	65.00
81.18	55.27	57.00	65.00
81.18	58.50	57.00	65.00
85.21	58.50	57.00	65.00
89.24	58.50	57.00	65.00
93.27	58.50	57.00	65.00
96.50	58.50	57.00	65.00
100.53	58.50	57.00	65.00
103.75	58.50	57.00	65.00
106.98	59.50	56.00	63.00
110.16	62.68	56.00	63.00
113.35	62.68	56.00	63.00
113.35	62.68	56.00	63.00
117.33	62.68	56.00	63.00
118.33	62.68	55.00	62.00
121.44	62.68	55.00	62.00
121.44	62.68	55.00	62.00
124.54	62.68	55.00	62.00
124.54	62.68	55.00	62.00
124.54	63.68	54.00	61.00
127.62	63.68	54.00	61.00
127.62	66.76	54.00	61.00
127.62	66.76	54.00	61.00
127.62	66.76	54.00	61.00
127.62	66.76	54.00	61.00
127.62	66.76	54.00	61.00
127.62	66.76	54.00	61.00
127.62	66.76	54.00	61.00
127.62	66.76	54.00	61.00
124.54	66.76	54.00	61.00
124.54	66.76	54.00	61.00
125.54	66.76	53.00	60.00
125.54	66.76	53.00	60.00
125.54	66.76	53.00	60.00
125.54	66.76	53.00	60.00
122.54	69.76	53.00	60.00
122.54	69.76	53.00	60.00
122.54	70.76	52.00	59.00
122.54	70.76	52.00	59.00
122.54	70.76	52.00	59.00
125.52	70.76	52.00	59.00
125.52	70.76	52.00	59.00
125.52	70.76	52.00	59.00
125.52	70.76	52.00	59.00
128.49	70.76	52.00	59.00
128.49	70.76	52.00	59.00
131.46	70.76	52.00	59.00
131.46	70.76	52.00	59.00
134.43	70.76	52.00	59.00
137.40	70.76	52.00	59.00
138.89	70.76	52.00	59.00
141.86	70.76	52.00	59.00
144.83	70.76	52.00	59.00
147.80	70.76	52.00	59.00
150.78	70.76	52.00	59.00
153.75	67.79	52.00	59.00
156.72	67.79	52.00	59.00
160.43	67.79	52.00	59.00
164.15	67.79	52.00	59.00
167.86	67.79	52.00	59.00
171.58	67.79	52.00	59.00
175.29	67.79	52.00	59.00
179.01	67.79	52.00	59.00
182.72	67.79	52.00	59.00
185.70	67.79	52.00	59.00
188.67	67.79	52.00	59.00
191.64	67.79	52.00	59.00
194.61	67.79	52.00	59.00
196.84	66.79	53.00	60.00
199.84	66.79	53.00	60.00
199.84	66.79	53.00	60.00
202.84	66.79	53.00	60.00
204.84	66.79	54.00	61.00
204.84	66.79	54.00	61.00
204.84	66.79	54.00	61.00
207.91	66.79	54.00	61.00
207.91	66.79	54.00	61.00
207.91	66.79	54.00	61.00
207.91	66.79	54.00	61.00
207.91	66.79	54.00	61.00
207.91	66.79	54.00	61.00
207.91	66.79	54.00	61.00
207.91	66.79	54.00	61.00
207.91	65.79	55.00	62.00
207.91	65.79	55.00	62.00
205.59	65.79	55.00	62.00
205.59	65.79	55.00	62.00
202.48	65.79	55.00	62.00
201.48	62.68	56.00	63.00
198.30	62.68	56.00	63.00
195.11	62.68	56.00	63.00
195.11	61.68	57.00	65.00
191.08	61.68	57.00	65.00
187.85	61.68	57.00	65.00
185.44	58.46	57.00	65.00
182.21	58.46	57.00	65.00
178.99	58.46	57.00	65.00
177.99	56.65	58.00	66.00
173.85	55.82	58.00	66.00
170.55	55.82	58.00	66.00
167.24	55.82	58.00	66.00
163.94	55.82	58.00	66.00
162.29	55.82	58.00	66.00
158.98	55.82	58.00	66.00
157.98	53.35	60.00	67.00
154.58	53.35	60.00	67.00
151.18	53.35	60.00	67.00
151.18	53.35	60.00	67.00
151.18	52.35	61.00	69.00
147.75	52.35	61.00	69.00
147.75	52.35	61.00	69.00
147.75	52.35	61.00	69.00
144.31	52.35	61.00	69.00
144.31	52.35	61.00	69.00
144.31	52.35	61.00	69.00
144.31	52.35	61.00	69.00
144.31	52.35	61.00	69.00
144.31	52.35	61.00	69.00
144.31	52.35	61.00	69.00
144.31	52.35	61.00	69.00
144.31	52.35	61.00	69.00
146.75	51.35	62.00	70.00
146.75	51.35	63.00	71.00
146.75	51.35	63.00	71.00
150.29	51.35	63.00	71.00
150.29	51.35	63.00	71.00
150.29	47.80	63.00	71.00
153.84	47.80	63.00	71.00
153.84	47.80	63.00	71.00
156.38	46.80	65.00	73.00
155.38	45.80	66.00	74.00
159.11	45.80	66.00	74.00
159.11	42.07	66.00	74.00
162.84	41.07	67.00	76.00
162.84	41.07	67.00	76.00
166.67	41.07	67.00	76.00
166.67	41.07	67.00	76.00
170.49	41.07	67.00	76.00
170.49	41.07	67.00	76.00
173.32	37.24	68.00	77.00
173.32	37.24	68.00	77.00
176.17	36.24	70.00	79.00
176.17	36.24	70.00	79.00
176.17	36.24	70.00	79.00
180.13	35.24	71.00	80.00
180.13	35.24	71.00	80.00
180.13	35.24	71.00	80.00
180.13	35.24	71.00	80.00
180.13	35.24	71.00	80.00
183.16	35.24	71.00	80.00
183.16	35.24	71.00	80.00
183.16	35.24	71.00	80.00
183.16	35.24	71.00	80.00
183.16	31.21	71.00	80.00
179.12	31.21	71.00	80.00
178.12	30.21	73.00	82.00
178.12	30.21	73.00	82.00
173.97	30.21	73.00	82.00
173.97	30.21	73.00	82.00
169.83	30.21	73.00	82.00
165.68	30.21	73.00	82.00
164.68	29.21	74.00	84.00
158.45	29.21	76.00	85.00
154.18	29.21	76.00	85.00
149.90	29.21	76.00	85.00
145.62	29.21	76.00	85.00
141.34	29.21	76.00	85.00
141.34	29.21	76.00	85.00
135.99	29.21	76.00	85.00
131.71	29.21	76.00	85.00
127.44	29.21	76.00	85.00
127.44	29.21	76.00	85.00
123.16	29.21	76.00	85.00
118.88	29.21	76.00	85.00
118.88	29.21	76.00	85.00
114.60	29.21	76.00	85.00
114.60	29.21	76.00	85.00
111.39	29.21	76.00	85.00
111.39	29.21	76.00	85.00
111.39	29.21	76.00	85.00
111.39	28.21	77.00	87.00
111.39	28.21	77.00	87.00
111.39	29.21	76.00	85.00
112.39	33.48	74.00	84.00
112.39	33.48	74.00	84.00
112.39	33.48	74.00	84.00
113.39	38.67	73.00	82.00
113.39	38.67	73.00	82.00
117.54	38.67	73.00	82.00
118.54	39.67	71.00	80.00
118.54	44.71	70.00	79.00
118.54	44.71	70.00	79.00
118.54	44.71	70.00	79.00
118.54	44.71	70.00	79.00
119.54	45.71	68.00	77.00
119.54	45.71	68.00	77.00
119.54	45.71	68.00	77.00
120.54	45.71	67.00	76.00
120.54	41.88	67.00	76.00
120.54	41.88	67.00	76.00
120.54	42.88	66.00	74.00
116.81	42.88	66.00	74.00
116.81	42.88	66.00	74.00
116.81	42.88	66.00	74.00
114.07	43.88	65.00	73.00
114.07	47.53	65.00	73.00
110.42	47.53	65.00	73.00
110.42	47.53	65.00	73.00
106.77	47.53	65.00	73.00
106.77	47.53	65.00	73.00
102.21	47.53	65.00	73.00
99.55	48.53	63.00	71.00
99.55	52.08	63.00	71.00
95.12	52.08	63.00	71.00
91.58	52.08	62.00	70.00
88.06	52.08	62.00	70.00
88.06	52.08	62.00	70.00
84.54	52.08	62.00	70.00
82.02	56.60	61.00	69.00
78.58	56.60	61.00	69.00
78.58	56.60	61.00	69.00
75.15	56.60	61.00	69.00
75.15	56.60	61.00	69.00
71.71	56.60	61.00	69.00
71.71	56.60	61.00	69.00
71.71	56.60	61.00	69.00
71.71	56.60	61.00	69.00
68.27	57.60	60.00	67.00
68.27	57.60	60.00	67.00
68.27	57.60	60.00	67.00
68.27	57.60	60.00	67.00
68.27	57.60	60.00	67.00
68.27	57.60	60.00	67.00
69.27	57.60	58.00	66.00
69.27	57.60	58.00	66.00
72.57	57.60	58.00	66.00
72.57	57.60	58.00	66.00
72.57	57.60	58.00	66.00
75.88	57.60	58.00	66.00
75.88	57.60	58.00	66.00
80.01	57.60	58.00	66.00
83.31	57.60	58.00	66.00
86.62	57.60	58.00	66.00
89.92	57.60	58.00	66.00
93.23	57.60	58.00	66.00
96.53	57.60	58.00	66.00
99.84	57.60	58.00	66.00
103.97	57.60	58.00	66.00
108.10	57.60	58.00	66.00
112.23	57.60	58.00	66.00
116.36	57.60	58.00	66.00
120.50	57.60	58.00	66.00
124.63	57.60	58.00	66.00
128.76	57.60	58.00	66.00
132.06	57.60	58.00	66.00
137.19	58.60	57.00	65.00
140.42	61.82	57.00	65.00
143.64	62.82	56.00	63.00
146.83	62.82	56.00	63.00
150.01	62.82	56.00	63.00
153.20	62.82	56.00	63.00
156.38	62.82	56.00	63.00
156.38	62.82	56.00	63.00
160.37	62.82	56.00	63.00
163.55	62.82	56.00	63.00
163.55	62.82	56.00	63.00
163.55	62.82	56.00	63.00
166.74	62.82	56.00	63.00
169.92	62.82	56.00	63.00
169.92	62.82	56.00	63.00
172.31	62.82	56.00	63.00
172.31	62.82	56.00	63.00
175.50	62.82	56.00	63.00
175.50	62.82	56.00	63.00
175.50	62.82	56.00	63.00
178.68	62.82	56.00	63.00
178.68	62.82	56.00	63.00
178.68	62.82	56.00	63.00
178.68	62.82	56.00	63.00
178.68	62.82	56.00	63.00
178.68	62.82	56.00	63.00
178.68	62.82	56.00	63.00
178.68	62.82	56.00	63.00
178.68	62.82	56.00	63.00
178.68	62.82	56.00	63.00
178.68	62.82	56.00	63.00
178.68	61.82	57.00	65.00
178.68	61.82	57.00	65.00
178.68	61.82	57.00	65.00
178.68	61.82	57.00	65.00
178.68	61.82	57.00	65.00
175.46	58.60	57.00	65.00
174.46	57.60	58.00	66.00
171.15	57.60	58.00	66.00
171.15	57.60	58.00	66.00
167.85	54.29	58.00	66.00
167.85	54.29	58.00	66.00
165.37	54.29	58.00	66.00
165.37	54.29	58.00	66.00
165.37	54.29	58.00	66.00
161.06	54.29	60.00	67.00
161.06	54.29	60.00	67.00
157.66	54.29	60.00	67.00
157.66	54.29	60.00	67.00
157.66	54.29	60.00	67.00
157.66	54.29	60.00	67.00
157.66	54.29	60.00	67.00
154.27	54.29	60.00	67.00
157.66	54.29	60.00	67.00
154.27	54.29	60.00	67.00
154.27	54.29	60.00	67.00
154.27	49.89	61.00	69.00
154.27	53.33	61.00	69.00
154.27	49.89	61.00	69.00
157.70	53.33	61.00	69.00
156.70	48.89	62.00	70.00
156.70	48.89	62.00	70.00
156.70	48.89	62.00	70.00
160.22	48.89	62.00	70.00
160.22	48.89	62.00	70.00
163.74	48.89	62.00	70.00
163.74	48.89	62.00	70.00
163.74	48.89	62.00	70.00
167.26	48.89	62.00	70.00
170.78	45.38	63.00	71.00
170.78	45.38	63.00	71.00
174.32	45.38	63.00	71.00
177.87	45.38	63.00	71.00
181.41	45.38	63.00	71.00
180.41	40.83	65.00	73.00
184.06	40.83	65.00	73.00
183.06	39.83	66.00	74.00
187.73	39.83	66.00	74.00
191.46	39.83	66.00	74.00
195.19	39.83	66.00	74.00
195.19	35.10	67.00	76.00
199.02	35.10	67.00	76.00
199.02	35.10	67.00	76.00
202.84	35.10	67.00	76.00
201.84	35.10	68.00	77.00
205.69	35.10	68.00	77.00
205.69	35.10	68.00	77.00
205.69	35.10	68.00	77.00
209.55	35.10	68.00	77.00
209.55	35.10	68.00	77.00
209.55	35.10	68.00	77.00
209.55	35.10	68.00	77.00
209.55	35.10	68.00	77.00
209.55	35.10	68.00	77.00
205.69	35.10	68.00	77.00
205.69	35.10	68.00	77.00
201.84	35.10	68.00	77.00
201.84	35.10	68.00	77.00
197.99	35.10	68.00	77.00
197.99	35.10	68.00	77.00
193.18	38.95	68.00	77.00
189.33	38.95	68.00	77.00
189.33	38.95	68.00	77.00
185.47	38.95	68.00	77.00
181.62	38.95	68.00	77.00
177.77	38.95	68.00	77.00
173.92	38.95	68.00	77.00
170.07	38.95	68.00	77.00
166.22	38.95	68.00	77.00
162.37	38.95	68.00	77.00
158.51	38.95	68.00	77.00
154.66	38.95	68.00	77.00
150.81	38.95	68.00	77.00
146.96	38.95	68.00	77.00
143.11	38.95	68.00	77.00
139.26	38.95	68.00	77.00
135.41	38.95	68.00	77.00
131.55	38.95	68.00	77.00
126.74	38.95	68.00	77.00
122.89	38.95	68.00	77.00
119.04	38.95	68.00	77.00
115.18	42.80	68.00	77.00
111.33	42.80	68.00	77.00
107.48	42.80	68.00	77.00
103.63	42.80	68.00	77.00
99.78	46.65	68.00	77.00
99.78	46.65	68.00	77.00
95.93	46.65	68.00	77.00
92.08	46.65	68.00	77.00
92.08	46.65	68.00	77.00
88.22	46.65	68.00	77.00
88.22	46.65	68.00	77.00
88.22	46.65	68.00	77.00
84.37	46.65	68.00	77.00
85.37	46.65	67.00	76.00
85.37	46.65	67.00	76.00
85.37	50.48	67.00	76.00
85.37	50.48	67.00	76.00
85.37	51.48	66.00	74.00
85.37	51.48	66.00	74.00
85.37	51.48	66.00	74.00
89.10	51.48	66.00	74.00
89.10	51.48	66.00	74.00
89.10	55.21	66.00	74.00
90.10	56.21	65.00	73.00
93.76	56.21	65.00	73.00
94.76	57.21	63.00	71.00
94.76	57.21	63.00	71.00
98.30	60.75	63.00	71.00
98.30	60.75	62.00	70.00
99.30	61.75	61.00	69.00
99.30	61.75	61.00	69.00
99.30	61.75	61.00	69.00
99.30	61.75	61.00	69.00
99.30	61.75	61.00	69.00
99.30	62.75	60.00	67.00
99.30	59.36	60.00	67.00
99.30	59.36	60.00	67.00
99.30	59.36	60.00	67.00
99.30	59.36	60.00	67.00
96.90	59.36	58.00	66.00
96.90	59.36	58.00	66.00
93.60	59.36	58.00	66.00
90.29	59.36	58.00	66.00
91.29	60.36	57.00	65.00
88.07	60.36	57.00	65.00
84.84	60.36	57.00	65.00
81.62	60.36	57.00	65.00
78.39	60.36	57.00	65.00
75.17	60.36	57.00	65.00
71.94	61.36	56.00	63.00
68.96	64.54	55.00	62.00
65.86	64.54	55.00	62.00
62.75	64.54	55.00	62.00
59.65	64.54	55.00	62.00
56.54	64.54	55.00	62.00
53.44	65.54	54.00	61.00
53.44	68.62	54.00	61.00
50.36	68.62	54.00	61.00
48.28	68.62	53.00	60.00
48.28	68.62	53.00	60.00
48.28	68.62	53.00	60.00
45.28	69.62	52.00	59.00
47.51	69.62	52.00	59.00
47.51	69.62	52.00	59.00
47.51	69.62	52.00	59.00
47.51	66.65	52.00	59.00
47.51	66.65	52.00	59.00
50.48	66.65	52.00	59.00
52.71	66.65	52.00	59.00
52.71	66.65	52.00	59.00
55.68	66.65	52.00	59.00
56.68	67.65	51.00	57.00
60.28	67.65	51.00	57.00
63.16	67.65	51.00	57.00
66.76	67.65	51.00	57.00
70.36	67.65	51.00	57.00
73.95	67.65	51.00	57.00
80.43	67.65	50.00	56.00
83.23	67.65	50.00	56.00
88.83	67.65	50.00	56.00
92.33	67.65	50.00	56.00
98.63	67.65	50.00	56.00
102.12	67.65	50.00	56.00
108.42	67.65	50.00	56.00
111.92	67.65	50.00	56.00
115.42	67.65	50.00	56.00
121.72	67.65	50.00	56.00
124.51	67.65	50.00	56.00
127.31	67.65	50.00	56.00
130.11	67.65	50.00	56.00
132.91	67.65	50.00	56.00
135.71	67.65	50.00	56.00
135.71	67.65	50.00	56.00
138.51	67.65	50.00	56.00
138.51	67.65	50.00	56.00
141.31	67.65	50.00	56.00
141.31	67.65	50.00	56.00
144.11	67.65	50.00	56.00
144.11	67.65	50.00	56.00
144.11	67.65	50.00	56.00
144.11	67.65	50.00	56.00
141.31	67.65	50.00	56.00
141.31	67.65	50.00	56.00
141.31	67.65	50.00	56.00
138.51	67.65	50.00	56.00
135.71	67.65	51.00	57.00
135.71	67.65	51.00	57.00
132.11	67.65	51.00	57.00
128.51	67.65	51.00	57.00
125.63	67.65	51.00	57.00
122.75	67.65	51.00	57.00
118.88	63.77	52.00	59.00
112.93	63.77	52.00	59.00
109.96	63.77	52.00	59.00
106.25	63.77	52.00	59.00
102.53	60.80	52.00	59.00
95.84	60.80	52.00	59.00
92.87	60.80	52.00	59.00
89.16	60.80	52.00	59.00
85.44	60.80	52.00	59.00
81.73	60.80	52.00	59.00
75.04	57.83	52.00	59.00
72.07	57.83	52.00	59.00
69.10	56.83	53.00	60.00
66.10	56.83	53.00	60.00
62.10	56.83	54.00	61.00
59.02	56.83	54.00	61.00
55.94	56.83	54.00	61.00
55.94	56.83	54.00	61.00
52.86	56.83	54.00	61.00
52.86	56.83	54.00	61.00
49.79	56.83	54.00	61.00
49.79	56.83	54.00	61.00
49.79	56.83	54.00	61.00
49.79	56.83	54.00	61.00
49.79	56.83	54.00	61.00
49.79	56.83	54.00	61.00
49.79	55.83	55.00	62.00
49.79	55.83	55.00	62.00
48.79	55.83	56.00	63.00
48.79	55.83	56.00	63.00
48.79	55.83	56.00	63.00
51.97	55.83	56.00	63.00
51.97	55.83	56.00	63.00
55.16	55.83	56.00	63.00
55.16	55.83	56.00	63.00
58.34	55.83	56.00	63.00
61.53	52.64	56.00	63.00
61.53	51.64	57.00	65.00
65.56	51.64	57.00	65.00
68.78	51.64	57.00	65.00
72.01	48.41	57.00	65.00
74.23	47.41	58.00	66.00
77.54	47.41	58.00	66.00
80.84	47.41	58.00	66.00
84.15	47.41	58.00	66.00
87.45	47.41	58.00	66.00
91.58	47.41	58.00	66.00
94.89	47.41	58.00	66.00
98.19	47.41	58.00	66.00
101.50	47.41	58.00	66.00
104.80	47.41	58.00	66.00
104.80	47.41	58.00	66.00
108.93	47.41	58.00	66.00
111.24	47.41	60.00	67.00
114.64	46.41	61.00	69.00
118.08	46.41	61.00	69.00
118.08	46.41	61.00	69.00
120.52	45.41	62.00	70.00
120.52	45.41	62.00	70.00
124.03	45.41	62.00	70.00
124.03	45.41	63.00	71.00
127.58	45.41	63.00	71.00
127.58	45.41	63.00	71.00
127.58	45.41	63.00	71.00
131.12	45.41	63.00	71.00
131.12	45.41	63.00	71.00
131.12	45.41	63.00	71.00
131.12	45.41	63.00	71.00
131.12	41.87	63.00	71.00
130.12	40.87	65.00	73.00
126.47	40.87	65.00	73.00
126.47	40.87	65.00	73.00
126.47	40.87	65.00	73.00
126.47	40.87	65.00	73.00
126.47	40.87	65.00	73.00
126.47	40.87	65.00	73.00
126.47	40.87	65.00	73.00
126.47	40.87	65.00	73.00
126.47	40.87	65.00	73.00
126.47	40.87	65.00	73.00
126.47	40.87	65.00	73.00
126.47	40.87	65.00	73.00
126.47	40.87	65.00	73.00
126.47	40.87	65.00	73.00
126.47	40.87	65.00	73.00
126.47	40.87	65.00	73.00
130.12	40.87	65.00	73.00
130.12	40.87	65.00	73.00
130.12	40.87	65.00	73.00
132.78	36.22	66.00	74.00
132.78	36.22	66.00	74.00
136.51	36.22	66.00	74.00
140.24	36.22	66.00	74.00
140.24	36.22	66.00	74.00
143.97	36.22	66.00	74.00
147.70	35.22	67.00	76.00
146.70	35.22	68.00	77.00
150.55	35.22	68.00	77.00
154.41	35.22	68.00	77.00
158.26	35.22	68.00	77.00
158.26	35.22	68.00	77.00
163.07	35.22	68.00	77.00
166.92	35.22	68.00	77.00
166.92	35.22	68.00	77.00
170.77	35.22	68.00	77.00
170.77	35.22	68.00	77.00
174.63	35.22	68.00	77.00
174.63	39.07	68.00	77.00
174.63	39.07	68.00	77.00
174.63	39.07	68.00	77.00
178.48	39.07	68.00	77.00
178.48	39.07	68.00	77.00
179.48	39.07	67.00	76.00
179.48	39.07	67.00	76.00
179.48	39.07	67.00	76.00
179.48	39.07	67.00	76.00
179.48	40.07	66.00	74.00
180.48	41.07	65.00	73.00
180.48	41.07	65.00	73.00
180.48	41.07	65.00	73.00
180.48	41.07	65.00	73.00
181.48	42.07	63.00	71.00
181.48	45.61	62.00	70.00
181.48	45.61	62.00	70.00
181.48	45.61	62.00	70.00
182.48	46.61	61.00	69.00
182.48	51.05	60.00	67.00
182.48	51.05	60.00	67.00
185.88	51.05	60.00	67.00
185.88	54.45	60.00	67.00
185.88	54.45	60.00	67.00
186.88	54.45	58.00	66.00
187.88	58.76	57.00	65.00
187.88	58.76	57.00	65.00
187.88	55.53	57.00	65.00
191.10	55.53	57.00	65.00
191.10	55.53	57.00	65.00
191.10	55.53	57.00	65.00
194.33	56.53	56.00	63.00
195.33	56.53	55.00	62.00
198.43	57.53	54.00	61.00
198.43	60.61	54.00	61.00
201.51	60.61	54.00	61.00
201.51	60.61	54.00	61.00
201.51	60.61	54.00	61.00
206.36	63.69	53.00	60.00
209.36	64.69	52.00	59.00
212.33	64.69	52.00	59.00
215.30	64.69	52.00	59.00
215.30	64.69	52.00	59.00
218.27	64.69	52.00	59.00
218.27	67.66	52.00	59.00
218.27	67.66	52.00	59.00
218.27	67.66	52.00	59.00
218.27	67.66	52.00	59.00
218.27	67.66	52.00	59.00
218.27	67.66	52.00	59.00
218.27	67.66	52.00	59.00
215.30	67.66	52.00	59.00
215.30	70.63	52.00	59.00
212.33	70.63	52.00	59.00
209.36	70.63	52.00	59.00
206.38	70.63	52.00	59.00
203.41	70.63	52.00	59.00
199.70	70.63	52.00	59.00
193.01	70.63	52.00	59.00
190.04	70.63	52.00	59.00
186.32	70.63	52.00	59.00
179.64	70.63	52.00	59.00
173.69	70.63	52.00	59.00
169.98	70.63	52.00	59.00
163.29	70.63	52.00	59.00
159.58	67.66	52.00	59.00
152.89	66.66	53.00	60.00
149.89	67.66	52.00	59.00
144.21	68.66	51.00	57.00
141.33	68.66	51.00	57.00
137.73	68.66	51.00	57.00
134.13	65.78	51.00	57.00
129.53	64.78	52.00	59.00
125.82	64.78	52.00	59.00
122.84	63.78	53.00	60.00
119.85	63.78	53.00	60.00
116.85	63.78	53.00	60.00
113.85	63.78	53.00	60.00
110.85	63.78	53.00	60.00
107.85	63.78	53.00	60.00
107.85	63.78	53.00	60.00
104.85	63.78	53.00	60.00
101.85	63.78	53.00	60.00
97.86	60.78	54.00	61.00
97.86	60.78	54.00	61.00
94.78	60.78	54.00	61.00
94.78	60.78	54.00	61.00
91.70	57.70	54.00	61.00
88.62	57.70	54.00	61.00
88.62	56.70	55.00	62.00
85.51	56.70	55.00	62.00
85.51	56.70	55.00	62.00
82.41	56.70	55.00	62.00
79.30	56.70	55.00	62.00
75.20	53.60	56.00	63.00
75.20	53.60	56.00	63.00
72.01	53.60	56.00	63.00
72.01	53.60	56.00	63.00
68.03	50.41	56.00	63.00
64.85	50.41	56.00	63.00
61.66	50.41	56.00	63.00
58.48	50.41	56.00	63.00
58.48	50.41	56.00	63.00
55.29	50.41	56.00	63.00
55.29	50.41	56.00	63.00
51.31	50.41	56.00	63.00
48.12	50.41	56.00	63.00
48.12	50.41	56.00	63.00
44.14	50.41	56.00	63.00
40.96	53.60	56.00	63.00
37.77	53.60	56.00	63.00
34.59	56.78	56.00	63.00
31.40	56.78	56.00	63.00
31.40	56.78	56.00	63.00
27.42	59.97	56.00	63.00
24.23	59.97	56.00	63.00
21.05	59.97	56.00	63.00
21.05	63.16	56.00	63.00
17.07	63.16	56.00	63.00
13.88	63.16	56.00	63.00
13.88	63.16	56.00	63.00
