197.00	87.00	38.00	18.00
197.00	87.00	38.00	18.00
197.00	87.00	38.00	18.00
197.00	87.00	38.00	18.00
197.00	87.00	38.00	18.00
197.00	87.00	38.00	18.00
197.00	87.00	38.00	18.00
198.47	87.00	38.00	18.00
198.47	87.00	38.00	18.00
198.47	87.00	38.00	18.00
198.47	87.00	38.00	18.00
198.47	87.00	38.00	18.00
197.00	87.00	38.00	18.00
197.00	87.00	38.00	18.00
195.53	87.00	38.00	18.00
195.53	87.00	38.00	18.00
195.53	87.00	38.00	18.00
194.06	87.00	38.00	18.00
194.06	87.00	38.00	18.00
194.06	87.00	38.00	18.00
192.59	87.00	38.00	18.00
192.59	87.00	38.00	18.00
192.59	87.00	38.00	18.00
192.59	87.00	38.00	18.00
192.59	87.00	38.00	18.00
192.59	87.00	38.00	18.00
191.12	87.00	38.00	18.00
191.12	88.47	38.00	18.00
191.12	88.47	38.00	18.00
191.12	88.47	38.00	18.00
192.59	88.47	38.00	18.00
191.12	88.47	38.00	18.00
192.59	88.47	38.00	18.00
191.12	88.47	38.00	18.00
192.59	87.00	38.00	18.00
191.12	87.00	38.00	18.00
191.12	87.00	38.00	18.00
191.12	87.00	38.00	18.00
191.12	87.00	38.00	18.00
191.12	87.00	38.00	18.00
191.12	87.00	38.00	18.00
191.12	87.00	38.00	18.00
191.12	87.00	38.00	18.00
190.02	87.00	38.00	18.00
190.02	87.00	38.00	18.00
190.02	86.63	38.00	18.00
190.02	86.63	38.00	18.00
188.55	86.63	38.00	18.00
188.55	86.63	38.00	18.00
188.55	86.63	38.00	18.00
187.08	86.63	38.00	18.00
187.08	88.10	38.00	18.00
187.08	88.10	38.00	18.00
187.08	88.10	38.00	18.00
185.61	88.10	38.00	18.00
185.61	88.84	38.00	18.00
184.14	88.84	38.00	18.00
184.14	88.84	38.00	18.00
184.14	88.84	38.00	18.00
184.14	88.84	38.00	18.00
184.14	88.84	38.00	18.00
184.14	88.84	38.00	18.00
182.67	88.84	38.00	18.00
182.67	88.84	38.00	18.00
182.67	88.84	38.00	18.00
182.67	88.84	38.00	18.00
182.67	90.31	38.00	18.00
182.67	90.31	38.00	18.00
182.67	90.31	38.00	18.00
182.67	90.31	38.00	18.00
182.67	90.31	38.00	18.00
182.67	90.31	38.00	18.00
182.67	90.31	38.00	18.00
182.67	90.31	38.00	18.00
182.67	90.31	38.00	18.00
182.67	90.31	38.00	18.00
182.67	90.31	38.00	18.00
182.67	90.31	38.00	18.00
182.67	90.31	38.00	18.00
184.14	91.78	38.00	18.00
184.14	91.78	38.00	18.00
184.14	91.78	38.00	18.00
184.14	91.78	38.00	18.00
184.14	93.24	38.00	18.00
184.14	94.71	38.00	18.00
182.67	94.71	38.00	18.00
182.67	94.71	38.00	18.00
182.67	94.71	38.00	18.00
182.67	94.71	38.00	18.00
182.67	94.71	38.00	18.00
182.67	94.71	38.00	18.00
184.14	94.71	38.00	18.00
185.61	93.24	38.00	18.00
184.14	94.71	38.00	18.00
185.61	93.24	38.00	18.00
185.61	94.71	38.00	18.00
185.61	93.24	38.00	18.00
185.61	94.71	38.00	18.00
185.61	94.71	38.00	18.00
185.61	94.71	38.00	18.00
185.61	94.71	38.00	18.00
185.61	94.71	38.00	18.00
185.61	94.71	38.00	18.00
185.61	94.71	38.00	18.00
185.61	93.24	38.00	18.00
185.61	93.24	38.00	18.00
185.61	93.24	38.00	18.00
185.61	93.24	38.00	18.00
185.61	91.78	38.00	18.00
185.61	90.31	38.00	18.00
185.61	91.78	38.00	18.00
185.61	90.31	38.00	18.00
185.61	91.78	38.00	18.00
185.61	90.31	38.00	18.00
185.61	91.78	38.00	18.00
185.61	90.31	38.00	18.00
185.61	90.31	38.00	18.00
185.61	90.31	38.00	18.00
185.61	90.31	38.00	18.00
185.61	90.31	38.00	18.00
185.61	90.31	38.00	18.00
185.61	90.31	38.00	18.00
184.14	90.31	38.00	18.00
185.61	90.31	38.00	18.00
184.14	90.31	38.00	18.00
184.14	90.31	38.00	18.00
184.14	91.78	38.00	18.00
184.14	91.78	38.00	18.00
184.14	91.78	38.00	18.00
184.14	91.78	38.00	18.00
184.14	91.78	38.00	18.00
182.67	91.78	38.00	18.00
182.67	91.78	38.00	18.00
182.67	91.78	38.00	18.00
182.67	91.78	38.00	18.00
182.67	91.78	38.00	18.00
182.67	91.78	38.00	18.00
182.67	90.31	38.00	18.00
182.67	90.31	38.00	18.00
182.67	90.31	38.00	18.00
182.67	90.31	38.00	18.00
184.14	90.31	38.00	18.00
184.14	90.31	38.00	18.00
184.14	90.31	38.00	18.00
184.14	90.31	38.00	18.00
182.67	90.31	38.00	18.00
182.67	90.31	39.00	18.00
182.67	88.83	39.00	18.00
182.67	88.83	39.00	18.00
182.67	88.83	39.00	18.00
182.67	88.83	39.00	18.00
182.67	88.83	39.00	18.00
182.67	88.83	39.00	18.00
182.67	90.31	39.00	18.00
182.67	90.31	39.00	18.00
182.67	90.31	39.00	18.00
182.67	88.83	39.00	18.00
182.67	88.83	39.00	18.00
182.67	88.09	39.00	18.00
182.67	88.09	39.00	18.00
182.67	88.09	39.00	18.00
182.67	88.09	39.00	18.00
182.67	88.09	39.00	18.00
182.67	88.09	39.00	18.00
182.67	88.09	39.00	18.00
181.19	88.09	39.00	18.00
181.19	88.09	39.00	18.00
181.19	88.09	39.00	18.00
182.67	88.09	39.00	18.00
182.67	88.09	39.00	18.00
184.15	88.09	39.00	18.00
184.15	88.09	39.00	18.00
184.15	88.09	39.00	18.00
184.15	88.09	39.00	18.00
185.63	88.09	39.00	18.00
185.63	86.60	39.00	18.00
185.63	86.60	39.00	18.00
185.63	86.60	39.00	18.00
185.63	86.60	39.00	18.00
185.63	86.60	39.00	18.00
185.63	86.60	39.00	18.00
187.12	86.60	39.00	18.00
187.12	86.60	39.00	18.00
187.12	86.60	39.00	18.00
187.12	86.60	39.00	18.00
187.12	86.60	39.00	18.00
187.12	86.60	39.00	18.00
188.60	86.60	39.00	18.00
188.60	86.60	39.00	18.00
188.60	86.60	39.00	18.00
188.60	86.60	39.00	18.00
188.60	86.60	39.00	18.00
188.60	86.60	39.00	18.00
188.60	86.60	39.00	18.00
188.60	86.60	39.00	18.00
190.08	85.12	39.00	18.00
188.60	86.60	39.00	18.00
190.08	85.12	39.00	18.00
190.08	86.60	39.00	18.00
190.08	85.12	39.00	18.00
188.60	86.60	39.00	18.00
190.08	85.12	39.00	18.00
188.60	85.12	39.00	18.00
188.60	85.12	39.00	18.00
188.60	85.12	39.00	18.00
188.60	85.12	39.00	18.00
188.60	86.60	39.00	18.00
188.60	85.12	39.00	18.00
188.60	86.60	39.00	18.00
188.60	85.12	39.00	18.00
188.60	86.60	39.00	18.00
188.60	85.12	39.00	18.00
188.60	85.12	39.00	18.00
187.12	85.12	39.00	18.00
187.12	85.12	39.00	18.00
184.63	85.12	40.00	19.00
184.63	85.12	40.00	19.00
184.63	83.56	40.00	19.00
184.63	83.56	40.00	19.00
184.63	83.56	40.00	19.00
184.63	83.56	40.00	19.00
187.20	83.56	39.00	18.00
187.20	83.56	39.00	18.00
186.20	83.56	40.00	19.00
187.37	83.56	40.00	19.00
187.37	83.56	40.00	19.00
187.37	82.00	40.00	19.00
187.37	82.00	40.00	19.00
187.37	82.00	40.00	19.00
187.37	82.00	40.00	19.00
188.37	83.56	39.00	18.00
188.37	83.56	39.00	18.00
188.37	83.56	39.00	18.00
189.85	83.56	39.00	18.00
189.85	83.56	39.00	18.00
191.33	83.56	39.00	18.00
191.33	83.56	39.00	18.00
191.33	83.56	39.00	18.00
192.44	83.56	39.00	18.00
192.44	82.08	39.00	18.00
191.44	82.08	40.00	19.00
193.00	82.08	40.00	19.00
193.00	82.08	40.00	19.00
193.00	82.08	40.00	19.00
193.00	82.08	40.00	19.00
194.56	82.08	40.00	19.00
193.00	82.08	40.00	19.00
193.00	83.64	40.00	19.00
193.00	83.64	40.00	19.00
193.00	85.21	40.00	19.00
191.44	83.64	40.00	19.00
191.44	83.64	40.00	19.00
191.44	83.64	40.00	19.00
191.44	83.64	40.00	19.00
190.27	83.64	40.00	19.00
190.27	83.64	40.00	19.00
191.83	84.42	40.00	19.00
191.83	84.42	40.00	19.00
193.39	84.42	40.00	19.00
194.95	84.42	40.00	19.00
196.51	84.42	40.00	19.00
196.51	84.42	40.00	19.00
198.08	84.42	40.00	19.00
198.08	84.42	40.00	19.00
199.64	82.86	40.00	19.00
201.20	82.86	40.00	19.00
202.76	81.30	40.00	19.00
204.32	79.74	40.00	19.00
205.89	79.74	40.00	19.00
207.45	79.74	40.00	19.00
209.01	79.74	40.00	19.00
210.57	79.74	40.00	19.00
210.57	78.18	40.00	19.00
210.57	78.18	40.00	19.00
210.57	78.18	41.00	19.00
212.14	78.18	41.00	19.00
212.14	78.18	41.00	19.00
212.14	78.18	40.00	19.00
212.14	79.74	40.00	19.00
212.14	79.74	40.00	19.00
212.14	79.74	40.00	19.00
212.14	81.30	41.00	19.00
210.57	81.30	41.00	19.00
212.14	80.12	41.00	19.00
210.96	80.12	41.00	19.00
212.54	80.12	41.00	19.00
210.96	80.12	41.00	19.00
210.96	80.12	41.00	19.00
210.96	78.55	41.00	19.00
210.96	78.55	41.00	19.00
210.96	78.55	41.00	19.00
210.96	78.55	41.00	19.00
209.39	78.55	41.00	19.00
209.39	78.55	41.00	19.00
207.82	78.55	41.00	19.00
207.82	78.55	41.00	19.00
207.82	79.34	41.00	19.00
206.25	79.34	41.00	19.00
206.25	79.34	41.00	19.00
206.25	79.34	41.00	19.00
203.67	78.34	42.00	20.00
203.67	78.74	43.00	20.00
203.67	78.74	43.00	20.00
203.67	78.74	43.00	20.00
205.34	77.07	42.00	20.00
205.34	77.07	42.00	20.00
205.34	77.07	42.00	20.00
205.34	76.67	42.00	20.00
205.34	76.67	42.00	20.00
205.34	76.67	42.00	20.00
205.34	76.67	42.00	20.00
205.34	76.67	42.00	20.00
205.34	76.67	42.00	20.00
205.34	76.67	42.00	20.00
205.34	76.67	43.00	20.00
205.34	75.84	43.00	20.00
205.34	75.84	43.00	20.00
205.34	74.17	43.00	20.00
204.34	74.17	44.00	21.00
207.03	74.17	43.00	20.00
205.36	74.17	43.00	20.00
207.03	74.17	43.00	20.00
207.03	74.17	43.00	20.00
207.03	74.17	43.00	20.00
206.03	75.84	44.00	21.00
207.72	75.84	44.00	21.00
206.03	75.84	44.00	21.00
206.03	77.53	44.00	21.00
206.03	77.53	44.00	21.00
206.03	77.53	44.00	21.00
206.03	77.53	44.00	21.00
206.03	77.53	44.00	21.00
205.18	77.53	44.00	21.00
205.18	77.53	44.00	21.00
205.18	75.84	44.00	21.00
207.88	75.84	43.00	20.00
207.88	75.84	43.00	20.00
207.88	77.50	43.00	20.00
207.88	77.50	43.00	20.00
207.88	77.50	43.00	20.00
207.88	77.50	43.00	20.00
207.88	77.50	43.00	20.00
205.21	79.17	44.00	21.00
205.21	79.17	44.00	21.00
205.21	79.17	44.00	21.00
205.21	79.17	44.00	21.00
205.21	79.17	44.00	21.00
203.52	79.17	44.00	21.00
203.52	77.48	44.00	21.00
201.83	77.48	45.00	21.00
203.53	77.48	45.00	21.00
201.83	77.48	45.00	21.00
201.83	76.48	45.00	22.00
200.05	76.48	45.00	22.00
200.05	76.48	45.00	22.00
198.28	76.48	45.00	22.00
198.28	76.48	45.00	22.00
198.28	76.48	45.00	22.00
198.28	76.48	45.00	22.00
198.28	76.48	45.00	22.00
195.51	78.25	46.00	22.00
195.51	78.25	46.00	22.00
193.72	78.25	47.00	22.00
195.52	78.25	47.00	22.00
193.72	78.25	47.00	22.00
193.72	78.25	47.00	22.00
193.72	79.60	47.00	22.00
193.72	79.60	47.00	22.00
193.72	79.60	47.00	22.00
193.72	79.60	47.00	22.00
193.72	81.39	47.00	22.00
193.72	81.39	47.00	22.00
191.37	83.19	48.00	23.00
191.37	83.19	48.00	23.00
193.25	83.19	48.00	23.00
191.37	83.19	48.00	23.00
191.37	83.19	48.00	23.00
191.37	83.19	48.00	23.00
191.37	83.19	48.00	23.00
189.50	83.19	48.00	23.00
189.50	85.07	48.00	23.00
189.50	85.07	48.00	23.00
189.50	85.07	48.00	23.00
189.50	86.94	48.00	23.00
189.50	88.82	48.00	23.00
187.62	88.82	49.00	23.00
187.62	88.82	49.00	23.00
187.62	88.82	49.00	23.00
187.62	88.82	49.00	23.00
187.62	88.82	49.00	23.00
187.62	88.82	49.00	23.00
187.62	88.82	49.00	23.00
186.62	87.82	50.00	24.00
186.62	85.90	50.00	24.00
186.62	87.82	50.00	24.00
188.53	87.82	50.00	24.00
188.53	87.82	50.00	24.00
190.45	87.82	50.00	24.00
190.45	88.30	50.00	24.00
190.45	88.30	50.00	24.00
192.37	88.30	50.00	24.00
192.37	88.30	50.00	24.00
194.28	88.30	50.00	24.00
194.28	86.38	50.00	24.00
194.28	86.38	51.00	24.00
196.26	84.40	51.00	24.00
196.26	84.40	51.00	24.00
196.26	84.40	51.00	24.00
193.28	84.40	52.00	25.00
193.28	84.40	52.00	25.00
193.28	84.40	52.00	25.00
193.28	84.40	52.00	25.00
193.28	84.40	52.00	25.00
193.28	84.40	52.00	25.00
193.28	84.40	52.00	25.00
193.28	84.40	52.00	25.00
193.28	84.40	53.00	25.00
193.28	84.40	53.00	25.00
193.28	84.40	53.00	25.00
193.28	82.38	53.00	25.00
195.30	82.38	53.00	25.00
195.30	82.38	53.00	25.00
193.28	82.38	53.00	25.00
195.30	82.38	53.00	25.00
195.30	82.38	53.00	25.00
195.30	82.38	53.00	25.00
195.30	84.40	53.00	25.00
195.30	84.40	53.00	25.00
195.30	84.40	53.00	25.00
195.30	86.42	53.00	25.00
195.30	86.42	53.00	25.00
193.28	86.42	53.00	25.00
193.28	86.42	53.00	25.00
193.28	86.42	53.00	25.00
193.28	86.42	53.00	25.00
191.26	86.42	53.00	25.00
191.26	86.42	53.00	25.00
189.24	86.42	53.00	25.00
189.24	86.42	53.00	25.00
186.22	85.42	54.00	26.00
186.22	85.42	55.00	26.00
186.22	85.42	55.00	26.00
184.11	85.42	55.00	26.00
184.11	85.42	55.00	26.00
184.11	83.31	55.00	26.00
184.11	83.31	55.00	26.00
184.11	83.31	55.00	26.00
184.11	83.31	55.00	26.00
184.11	83.31	55.00	26.00
184.11	83.31	55.00	26.00
186.22	83.31	55.00	26.00
185.22	83.31	56.00	27.00
186.42	83.31	58.00	27.00
186.42	83.31	58.00	27.00
189.63	83.31	56.00	27.00
187.44	83.31	56.00	27.00
189.63	83.31	56.00	27.00
189.63	83.31	56.00	27.00
188.63	85.50	58.00	27.00
188.63	85.50	58.00	27.00
188.63	84.50	59.00	28.00
188.63	82.21	59.00	28.00
190.93	82.21	59.00	28.00
190.93	82.21	59.00	28.00
190.93	82.21	59.00	28.00
190.93	82.21	59.00	28.00
190.93	82.21	59.00	28.00
188.63	82.21	59.00	28.00
188.63	82.21	59.00	28.00
186.34	82.21	59.00	28.00
186.34	79.91	59.00	28.00
186.34	79.91	59.00	28.00
186.34	79.91	59.00	28.00
186.34	79.91	59.00	28.00
186.34	79.91	59.00	28.00
186.34	79.91	59.00	28.00
184.04	79.91	59.00	28.00
184.04	79.91	59.00	28.00
184.04	79.91	59.00	28.00
181.74	79.91	59.00	28.00
181.74	79.91	59.00	28.00
181.74	79.91	59.00	28.00
181.74	79.91	59.00	28.00
179.45	79.91	59.00	28.00
179.45	79.91	59.00	28.00
179.45	79.91	59.00	28.00
179.45	79.91	59.00	28.00
179.45	79.91	59.00	28.00
179.45	79.91	59.00	28.00
179.45	77.61	59.00	28.00
179.45	77.61	59.00	28.00
179.45	77.61	59.00	28.00
179.45	75.32	59.00	28.00
181.74	75.32	59.00	28.00
181.74	75.32	59.00	28.00
184.04	75.32	59.00	28.00
184.04	75.32	59.00	28.00
184.04	75.32	59.00	28.00
186.34	75.32	59.00	28.00
186.34	75.32	59.00	28.00
186.34	75.32	59.00	28.00
184.04	75.32	59.00	28.00
180.74	75.32	60.00	28.00
180.74	75.32	60.00	28.00
178.43	75.32	60.00	28.00
178.43	75.32	60.00	28.00
179.43	75.32	59.00	28.00
177.14	75.32	59.00	28.00
174.84	75.32	59.00	28.00
174.84	75.32	59.00	28.00
174.84	75.32	59.00	28.00
174.84	75.32	59.00	28.00
174.84	75.32	59.00	28.00
177.14	73.02	59.00	28.00
174.84	73.02	59.00	28.00
177.14	75.32	59.00	28.00
174.84	75.32	59.00	28.00
177.14	75.32	59.00	28.00
174.84	75.32	59.00	28.00
177.14	75.32	59.00	28.00
174.84	75.32	59.00	28.00
177.14	75.32	59.00	28.00
177.14	75.32	59.00	28.00
177.14	75.32	59.00	28.00
177.14	75.32	59.00	28.00
177.14	75.32	59.00	28.00
179.43	75.32	59.00	28.00
179.43	73.02	59.00	28.00
179.43	73.02	59.00	28.00
179.43	73.02	59.00	28.00
179.43	73.02	59.00	28.00
179.43	73.02	59.00	28.00
179.43	70.72	59.00	28.00
179.43	71.72	58.00	27.00
179.43	71.72	58.00	27.00
179.43	71.72	58.00	27.00
182.65	69.51	56.00	27.00
179.46	69.51	58.00	27.00
181.67	69.51	58.00	27.00
181.67	69.51	58.00	27.00
181.67	69.51	58.00	27.00
181.67	67.29	58.00	27.00
181.67	66.29	59.00	28.00
183.97	66.29	59.00	28.00
183.97	66.29	59.00	28.00
183.97	66.29	59.00	28.00
183.97	66.29	59.00	28.00
183.97	66.29	59.00	28.00
183.97	66.29	59.00	28.00
183.97	66.29	59.00	28.00
186.26	66.29	59.00	28.00
186.26	64.00	59.00	28.00
186.26	64.00	59.00	28.00
188.56	64.00	59.00	28.00
188.56	64.00	59.00	28.00
190.86	64.00	59.00	28.00
190.86	64.57	59.00	28.00
190.86	64.57	59.00	28.00
190.86	66.87	59.00	28.00
190.86	66.87	59.00	28.00
190.86	66.87	59.00	28.00
190.86	69.16	59.00	28.00
190.86	70.31	59.00	28.00
190.86	70.31	59.00	28.00
190.86	70.31	59.00	28.00
190.86	70.31	59.00	28.00
190.86	70.31	59.00	28.00
190.86	70.31	59.00	28.00
188.56	70.31	59.00	28.00
188.56	68.59	59.00	28.00
188.56	68.59	59.00	28.00
186.26	68.59	59.00	28.00
186.26	68.59	59.00	28.00
186.26	70.89	59.00	28.00
186.26	70.89	59.00	28.00
188.56	70.89	59.00	28.00
188.56	70.89	59.00	28.00
186.26	73.18	59.00	28.00
186.26	73.18	59.00	28.00
186.26	73.18	59.00	28.00
182.97	73.18	60.00	28.00
182.97	73.18	60.00	28.00
182.97	70.88	60.00	28.00
183.97	70.88	59.00	28.00
183.97	70.88	59.00	28.00
181.67	73.17	59.00	28.00
179.38	73.17	59.00	28.00
177.08	75.47	59.00	28.00
174.78	75.47	59.00	28.00
172.49	75.47	59.00	28.00
172.49	73.17	59.00	28.00
170.19	73.17	59.00	28.00
170.76	73.17	59.00	28.00
173.06	73.17	59.00	28.00
173.06	73.17	59.00	28.00
173.06	73.17	59.00	28.00
173.06	73.17	59.00	28.00
173.06	70.88	59.00	28.00
173.06	70.88	59.00	28.00
173.06	70.88	59.00	28.00
173.06	70.88	59.00	28.00
173.06	70.88	59.00	28.00
173.06	70.88	59.00	28.00
173.06	71.88	58.00	27.00
173.06	74.09	58.00	27.00
176.28	71.88	56.00	27.00
176.28	71.88	56.00	27.00
178.47	72.42	56.00	27.00
179.47	72.97	55.00	26.00
179.47	75.08	55.00	26.00
179.47	75.08	55.00	26.00
179.47	72.97	55.00	26.00
179.47	72.97	55.00	26.00
179.47	70.86	54.00	26.00
179.47	70.86	54.00	26.00
179.47	70.34	54.00	26.00
179.47	70.34	54.00	26.00
180.47	71.86	53.00	25.00
178.45	73.88	53.00	25.00
178.45	73.88	52.00	25.00
178.45	75.89	52.00	25.00
178.45	75.89	52.00	25.00
178.45	75.89	52.00	25.00
178.45	75.89	52.00	25.00
176.44	75.89	52.00	25.00
176.44	77.90	52.00	25.00
176.44	77.90	52.00	25.00
174.43	77.90	52.00	25.00
175.43	77.90	51.00	24.00
173.45	77.90	50.00	24.00
173.45	77.90	50.00	24.00
173.45	78.85	50.00	24.00
174.45	79.85	49.00	23.00
172.56	81.74	49.00	23.00
172.56	83.63	49.00	23.00
172.56	83.63	49.00	23.00
171.15	83.63	49.00	23.00
169.26	85.52	49.00	23.00
169.26	85.52	49.00	23.00
169.26	85.52	48.00	23.00
171.14	85.52	48.00	23.00
169.26	87.40	48.00	23.00
171.14	87.40	48.00	23.00
169.26	89.27	48.00	23.00
169.26	89.27	48.00	23.00
169.26	91.15	48.00	23.00
169.26	91.15	48.00	23.00
169.26	93.03	48.00	23.00
170.26	93.03	47.00	22.00
168.46	94.82	46.00	22.00
168.46	96.61	46.00	22.00
166.68	98.39	46.00	22.00
164.89	100.18	46.00	22.00
164.89	100.18	46.00	22.00
163.11	101.96	46.00	22.00
164.11	101.96	45.00	22.00
164.11	102.96	45.00	21.00
162.40	104.67	45.00	21.00
162.40	104.67	45.00	21.00
164.11	106.37	45.00	21.00
162.40	106.37	45.00	21.00
164.11	106.37	45.00	21.00
164.11	107.65	45.00	21.00
165.81	107.65	45.00	21.00
165.81	109.35	45.00	21.00
165.81	109.35	45.00	21.00
165.81	111.06	45.00	21.00
164.11	111.06	45.00	21.00
164.11	111.06	45.00	21.00
162.40	112.76	45.00	21.00
164.11	114.46	45.00	21.00
162.40	114.46	45.00	21.00
162.40	116.17	45.00	21.00
162.40	116.17	45.00	21.00
162.40	117.87	45.00	21.00
160.70	117.87	44.00	21.00
160.70	119.56	44.00	21.00
160.70	117.87	44.00	21.00
161.70	119.56	43.00	20.00
161.70	119.56	43.00	20.00
161.70	119.56	43.00	20.00
161.70	119.56	42.00	20.00
161.70	121.16	42.00	20.00
161.70	121.16	42.00	20.00
161.70	122.76	42.00	20.00
162.70	123.76	41.00	19.00
162.70	125.33	41.00	19.00
162.70	125.33	41.00	19.00
162.70	125.33	40.00	19.00
162.70	126.90	40.00	19.00
162.70	126.90	40.00	19.00
162.70	126.90	40.00	19.00
164.26	126.90	40.00	19.00
165.26	126.90	39.00	18.00
165.26	126.90	39.00	18.00
166.74	126.90	39.00	18.00
166.74	126.90	39.00	18.00
168.22	126.90	39.00	18.00
166.74	126.90	39.00	18.00
168.22	126.90	39.00	18.00
168.22	126.90	38.00	18.00
168.22	128.37	38.00	18.00
169.69	129.10	38.00	18.00
168.22	130.57	38.00	18.00
170.69	130.57	37.00	18.00
170.69	132.03	37.00	18.00
170.69	134.49	37.00	17.00
170.69	135.87	37.00	17.00
169.31	135.87	37.00	17.00
169.31	137.26	37.00	17.00
169.31	135.87	37.00	17.00
167.92	137.26	37.00	17.00
167.92	137.26	37.00	17.00
167.92	137.26	37.00	17.00
167.92	137.26	37.00	17.00
167.92	137.26	37.00	17.00
167.92	137.26	37.00	17.00
167.92	137.26	37.00	17.00
167.92	137.26	37.00	17.00
167.92	137.26	37.00	17.00
167.92	137.26	37.00	17.00
167.92	137.26	37.00	17.00
167.92	137.26	37.00	17.00
167.92	137.26	37.00	17.00
167.92	137.26	37.00	17.00
167.92	137.26	37.00	17.00
167.92	137.26	37.00	17.00
167.92	137.26	37.00	17.00
169.31	137.26	37.00	17.00
169.31	137.26	37.00	17.00
169.31	137.26	37.00	17.00
169.31	137.26	37.00	17.00
170.69	137.26	37.00	17.00
170.69	137.26	37.00	17.00
170.69	137.26	37.00	17.00
170.69	137.26	37.00	17.00
172.08	137.26	37.00	17.00
172.08	137.26	36.00	17.00
173.46	137.26	36.00	17.00
174.46	137.61	35.00	17.00
175.14	138.97	35.00	17.00
175.14	138.97	35.00	17.00
176.51	138.97	35.00	17.00
176.51	138.97	35.00	17.00
177.87	138.97	35.00	17.00
179.24	138.97	35.00	17.00
179.24	138.97	35.00	17.00
180.60	138.97	35.00	17.00
180.60	138.97	35.00	17.00
181.97	138.97	35.00	17.00
183.34	138.97	35.00	17.00
181.97	138.97	35.00	17.00
183.34	138.97	35.00	17.00
183.34	138.97	35.00	17.00
183.34	138.97	35.00	17.00
183.34	138.97	35.00	17.00
183.34	138.97	35.00	17.00
184.70	138.97	35.00	17.00
184.70	138.97	35.00	17.00
186.07	138.97	35.00	17.00
186.07	138.97	35.00	17.00
186.07	137.61	35.00	17.00
187.43	137.61	35.00	17.00
188.80	136.24	35.00	17.00
188.80	136.24	35.00	17.00
190.16	136.24	35.00	17.00
190.16	134.88	35.00	17.00
190.16	134.88	35.00	17.00
190.16	134.88	35.00	17.00
191.53	134.88	35.00	17.00
192.90	134.88	35.00	17.00
194.26	134.88	35.00	17.00
194.26	134.88	35.00	17.00
195.63	134.88	35.00	17.00
195.63	134.88	35.00	17.00
195.63	136.24	35.00	17.00
196.99	134.88	35.00	17.00
196.99	136.24	35.00	17.00
198.36	136.24	35.00	17.00
198.36	136.24	35.00	17.00
198.36	136.24	35.00	17.00
199.72	136.24	35.00	17.00
199.72	136.24	35.00	17.00
199.72	137.61	35.00	17.00
201.09	138.63	35.00	17.00
199.72	138.63	35.00	17.00
201.09	138.63	35.00	17.00
199.72	140.00	35.00	17.00
201.09	141.36	35.00	17.00
201.09	140.00	35.00	17.00
201.09	141.36	35.00	17.00
199.72	141.36	35.00	17.00
201.09	142.73	35.00	17.00
201.09	142.73	35.00	17.00
202.46	142.73	35.00	17.00
203.82	144.09	35.00	17.00
203.82	143.41	35.00	17.00
205.19	143.41	35.00	17.00
205.19	144.78	35.00	17.00
206.55	144.78	35.00	17.00
207.92	144.78	35.00	17.00
209.28	144.78	35.00	17.00
209.28	144.78	35.00	17.00
210.65	144.78	35.00	17.00
210.65	144.78	35.00	17.00
212.02	144.78	35.00	17.00
210.65	146.14	35.00	17.00
212.36	146.14	35.00	17.00
212.36	146.14	35.00	17.00
212.36	147.51	35.00	17.00
213.72	148.87	35.00	17.00
213.72	148.87	35.00	17.00
213.72	150.24	35.00	17.00
213.72	150.24	35.00	17.00
213.72	150.24	35.00	17.00
215.09	150.24	35.00	17.00
215.09	150.24	35.00	17.00
213.72	150.24	35.00	17.00
215.09	150.24	35.00	17.00
215.09	148.87	35.00	17.00
215.09	150.24	35.00	17.00
216.45	148.87	35.00	17.00
216.45	148.87	35.00	17.00
216.45	148.87	35.00	17.00
216.45	148.87	35.00	17.00
217.82	147.51	35.00	17.00
219.19	147.51	35.00	17.00
219.19	147.51	35.00	17.00
219.19	146.14	35.00	17.00
219.19	146.14	35.00	17.00
219.19	146.14	35.00	17.00
220.55	146.14	35.00	17.00
220.55	146.14	35.00	17.00
220.55	146.14	35.00	17.00
221.92	146.14	35.00	17.00
221.92	144.78	35.00	17.00
221.92	144.78	35.00	17.00
223.28	144.78	35.00	17.00
223.28	144.78	35.00	17.00
223.28	144.78	35.00	17.00
224.65	144.78	35.00	17.00
226.01	143.41	35.00	17.00
226.01	143.41	35.00	17.00
227.38	143.41	35.00	17.00
228.75	142.05	35.00	17.00
228.75	142.05	35.00	17.00
230.11	142.05	35.00	17.00
230.11	142.05	35.00	17.00
230.11	142.05	35.00	17.00
231.48	142.05	35.00	17.00
231.48	142.05	35.00	17.00
232.84	140.68	35.00	17.00
234.21	140.68	35.00	17.00
235.58	140.68	35.00	17.00
235.58	140.68	35.00	17.00
236.94	140.68	35.00	17.00
238.31	139.31	35.00	17.00
238.31	139.31	35.00	17.00
239.67	137.95	35.00	17.00
241.04	139.31	35.00	17.00
241.04	137.95	35.00	17.00
241.04	137.95	35.00	17.00
242.40	137.95	35.00	17.00
243.77	136.58	35.00	17.00
243.77	136.58	35.00	17.00
243.77	136.58	35.00	17.00
243.77	136.58	35.00	17.00
243.77	135.22	35.00	17.00
243.77	135.22	35.00	17.00
245.14	133.85	35.00	17.00
245.14	135.22	35.00	17.00
245.14	133.85	35.00	17.00
245.14	135.22	35.00	17.00
245.14	133.85	35.00	17.00
245.14	133.85	35.00	17.00
245.14	133.85	35.00	17.00
246.50	133.85	35.00	17.00
246.50	133.85	35.00	17.00
246.50	133.85	35.00	17.00
246.50	133.85	35.00	17.00
247.87	133.85	35.00	17.00
247.87	133.85	35.00	17.00
247.87	133.85	35.00	17.00
247.87	133.85	35.00	17.00
247.87	133.85	35.00	17.00
247.87	133.85	35.00	17.00
247.87	133.85	35.00	17.00
246.50	133.85	35.00	17.00
246.50	133.85	35.00	17.00
245.14	133.85	35.00	17.00
245.14	133.85	35.00	17.00
245.14	133.85	35.00	17.00
243.77	133.85	35.00	17.00
244.79	133.85	35.00	17.00
244.79	133.85	35.00	17.00
244.79	133.85	35.00	17.00
244.79	133.85	35.00	17.00
244.79	133.85	35.00	17.00
244.79	133.85	35.00	17.00
244.79	133.85	35.00	17.00
243.43	133.85	35.00	17.00
243.43	133.85	35.00	17.00
243.09	133.85	35.00	17.00
241.72	133.85	35.00	17.00
241.72	133.85	35.00	17.00
241.72	133.85	35.00	17.00
241.72	133.85	35.00	17.00
241.72	132.48	35.00	17.00
240.36	132.48	35.00	17.00
240.36	132.48	35.00	17.00
240.36	131.12	35.00	17.00
240.36	131.12	35.00	17.00
238.99	129.75	35.00	17.00
238.99	131.12	35.00	17.00
238.99	129.75	35.00	17.00
238.99	129.75	35.00	17.00
238.99	129.75	35.00	17.00
238.99	129.75	35.00	17.00
238.99	129.75	35.00	17.00
238.99	129.75	35.00	17.00
238.99	129.75	35.00	17.00
238.99	129.75	35.00	17.00
237.62	129.75	35.00	17.00
237.62	131.12	35.00	17.00
237.62	129.75	35.00	17.00
237.62	131.12	35.00	17.00
237.62	131.12	35.00	17.00
236.26	131.12	35.00	17.00
234.89	131.12	35.00	17.00
234.89	131.12	35.00	17.00
234.89	131.12	35.00	17.00
234.89	132.48	35.00	17.00
233.53	133.85	35.00	17.00
232.16	133.85	35.00	17.00
232.16	133.85	35.00	17.00
230.79	133.85	35.00	17.00
232.16	133.85	35.00	17.00
230.79	133.85	35.00	17.00
230.79	133.85	35.00	17.00
230.79	133.85	35.00	17.00
230.79	133.85	35.00	17.00
229.43	133.85	35.00	17.00
229.43	133.85	35.00	17.00
229.43	133.85	35.00	17.00
228.06	133.85	35.00	17.00
228.06	133.85	35.00	17.00
228.06	133.85	35.00	17.00
226.70	133.85	35.00	17.00
226.70	132.48	35.00	17.00
226.70	132.48	35.00	17.00
226.70	132.48	35.00	17.00
226.70	132.48	35.00	17.00
226.70	132.48	35.00	17.00
226.70	132.48	35.00	17.00
226.70	132.48	35.00	17.00
226.70	132.48	35.00	17.00
226.70	132.48	35.00	17.00
226.70	132.48	35.00	17.00
226.70	132.48	35.00	17.00
226.70	132.48	35.00	17.00
226.70	132.48	35.00	17.00
226.70	132.48	35.00	17.00
226.70	132.48	35.00	17.00
228.06	132.48	35.00	17.00
226.70	132.48	35.00	17.00
228.06	132.48	35.00	17.00
228.06	132.48	35.00	17.00
228.06	132.48	35.00	17.00
228.06	132.48	35.00	17.00
228.06	133.85	35.00	17.00
228.06	133.85	35.00	17.00
228.06	133.85	35.00	17.00
228.06	135.22	35.00	17.00
229.43	135.22	35.00	17.00
229.43	135.22	35.00	17.00
229.43	135.22	35.00	17.00
229.43	136.58	35.00	17.00
229.43	136.58	35.00	17.00
229.43	137.95	35.00	17.00
229.43	139.31	35.00	17.00
229.43	139.31	35.00	17.00
229.43	139.31	35.00	17.00
229.43	140.68	35.00	17.00
229.43	142.05	35.00	17.00
229.43	140.68	35.00	17.00
229.43	142.05	35.00	17.00
229.43	140.68	35.00	17.00
229.43	142.05	35.00	17.00
229.43	142.05	35.00	17.00
229.43	142.05	35.00	17.00
229.43	142.05	35.00	17.00
229.43	142.05	35.00	17.00
229.43	142.05	35.00	17.00
229.43	142.05	35.00	17.00
229.43	142.05	35.00	17.00
229.43	142.05	35.00	17.00
229.43	142.05	35.00	17.00
229.43	142.05	35.00	17.00
229.43	142.05	35.00	17.00
229.43	142.05	35.00	17.00
229.43	142.05	35.00	17.00
230.79	142.05	35.00	17.00
230.79	143.41	35.00	17.00
230.79	143.41	35.00	17.00
232.16	143.41	35.00	17.00
232.16	143.41	35.00	17.00
232.16	143.41	35.00	17.00
233.53	143.41	35.00	17.00
233.53	143.75	35.00	17.00
233.53	143.75	35.00	17.00
234.89	145.12	35.00	17.00
234.89	145.12	35.00	17.00
234.89	145.12	35.00	17.00
234.89	145.12	35.00	17.00
234.89	145.12	35.00	17.00
236.26	146.48	35.00	17.00
234.89	146.48	35.00	17.00
236.26	146.48	35.00	17.00
234.89	146.48	35.00	17.00
234.89	147.85	35.00	17.00
234.89	147.85	35.00	17.00
234.89	147.85	35.00	17.00
234.89	147.85	35.00	17.00
234.89	147.85	35.00	17.00
234.89	147.85	35.00	17.00
234.89	149.22	35.00	17.00
234.89	147.85	35.00	17.00
234.89	147.85	35.00	17.00
234.89	147.85	35.00	17.00
234.89	147.85	35.00	17.00
234.89	147.85	35.00	17.00
234.89	147.85	35.00	17.00
234.89	147.85	35.00	17.00
234.89	147.85	35.00	17.00
234.89	147.85	35.00	17.00
234.89	147.85	35.00	17.00
234.89	147.85	35.00	17.00
234.89	147.85	35.00	17.00
234.89	147.85	35.00	17.00
234.89	147.85	35.00	17.00
234.89	147.85	35.00	17.00
234.89	147.85	35.00	17.00
234.89	147.85	35.00	17.00
234.89	147.85	35.00	17.00
234.89	149.22	35.00	17.00
234.89	149.22	35.00	17.00
234.89	149.22	35.00	17.00
234.89	149.22	35.00	17.00
234.89	149.22	35.00	17.00
234.89	150.58	35.00	17.00
234.89	150.58	35.00	17.00
234.89	150.58	35.00	17.00
234.89	150.58	35.00	17.00
234.89	150.58	35.00	17.00
234.89	150.58	35.00	17.00
234.89	150.58	35.00	17.00
234.89	150.58	35.00	17.00
234.89	150.58	35.00	17.00
234.89	150.92	35.00	17.00
234.89	152.29	35.00	17.00
234.89	150.92	35.00	17.00
234.89	152.29	35.00	17.00
234.89	150.92	35.00	17.00
234.89	152.29	35.00	17.00
234.89	150.92	35.00	17.00
234.89	150.92	35.00	17.00
236.26	150.92	35.00	17.00
234.89	150.92	35.00	17.00
236.26	150.92	35.00	17.00
236.26	150.92	35.00	17.00
236.26	150.92	35.00	17.00
236.26	150.92	35.00	17.00
236.26	150.92	35.00	17.00
236.26	152.29	35.00	17.00
236.26	150.92	35.00	17.00
237.62	152.29	35.00	17.00
237.62	150.92	35.00	17.00
237.62	152.29	35.00	17.00
237.62	150.92	35.00	17.00
238.99	150.92	35.00	17.00
240.36	150.92	35.00	17.00
238.99	152.29	35.00	17.00
240.36	150.92	35.00	17.00
240.36	152.29	35.00	17.00
240.36	150.92	35.00	17.00
241.72	152.29	35.00	17.00
241.72	152.29	35.00	17.00
241.72	152.29	35.00	17.00
241.72	152.29	35.00	17.00
241.72	152.29	35.00	17.00
243.09	152.29	35.00	17.00
241.72	152.29	35.00	17.00
243.09	153.65	35.00	17.00
241.72	153.65	35.00	17.00
243.09	153.65	35.00	17.00
243.09	153.65	35.00	17.00
243.09	153.65	35.00	17.00
244.45	153.65	35.00	17.00
244.45	153.65	35.00	17.00
245.82	153.65	35.00	17.00
245.82	153.65	35.00	17.00
247.18	155.02	35.00	17.00
245.82	153.65	35.00	17.00
247.18	155.02	35.00	17.00
247.18	155.02	35.00	17.00
247.18	155.02	35.00	17.00
247.18	155.02	35.00	17.00
247.18	155.02	35.00	17.00
247.18	155.02	35.00	17.00
248.55	155.02	35.00	17.00
248.55	156.39	35.00	17.00
249.92	156.39	35.00	17.00
249.92	157.75	35.00	17.00
251.28	157.75	35.00	17.00
251.28	159.12	35.00	17.00
251.28	158.78	35.00	17.00
252.65	158.78	35.00	17.00
252.65	159.80	35.00	17.00
254.01	159.80	35.00	17.00
252.65	159.80	35.00	17.00
254.01	159.80	35.00	17.00
254.01	160.14	35.00	17.00
254.01	160.14	35.00	17.00
254.01	160.14	35.00	17.00
255.38	160.14	35.00	17.00
255.38	161.51	35.00	17.00
255.38	161.51	35.00	17.00
256.74	161.51	35.00	17.00
256.74	161.51	35.00	17.00
258.11	161.51	35.00	17.00
258.11	161.51	35.00	17.00
258.11	161.51	35.00	17.00
259.48	161.51	35.00	17.00
259.48	161.51	35.00	17.00
260.84	161.51	35.00	17.00
262.21	161.51	35.00	17.00
262.21	162.87	35.00	17.00
262.21	162.87	35.00	17.00
263.57	163.56	35.00	17.00
263.57	163.56	35.00	17.00
264.94	163.56	35.00	17.00
264.94	163.56	35.00	17.00
264.94	163.56	35.00	17.00
264.94	163.56	35.00	17.00
264.94	163.56	35.00	17.00
266.30	164.58	35.00	17.00
266.30	164.58	35.00	17.00
266.30	164.58	35.00	17.00
266.30	164.58	35.00	17.00
267.67	164.58	35.00	17.00
267.67	165.95	35.00	17.00
269.04	165.95	35.00	17.00
267.67	165.95	35.00	17.00
269.04	165.95	35.00	17.00
269.04	167.31	35.00	17.00
269.04	165.95	35.00	17.00
269.04	167.31	35.00	17.00
270.40	165.95	35.00	17.00
271.77	167.31	35.00	17.00
271.77	165.95	35.00	17.00
273.13	167.31	35.00	17.00
273.13	165.95	35.00	17.00
273.13	167.31	35.00	17.00
273.13	165.95	35.00	17.00
274.50	167.31	35.00	17.00
274.50	165.95	35.00	17.00
275.86	167.31	35.00	17.00
275.86	167.31	35.00	17.00
275.86	167.31	35.00	17.00
277.23	167.31	35.00	17.00
277.23	167.31	35.00	17.00
278.60	167.31	35.00	17.00
278.60	165.95	35.00	17.00
279.96	167.31	35.00	17.00
281.33	165.95	35.00	17.00
281.33	167.31	35.00	17.00
282.69	165.95	35.00	17.00
282.69	165.95	35.00	17.00
284.06	165.95	35.00	17.00
284.06	165.95	35.00	17.00
284.06	165.95	35.00	17.00
285.42	165.95	35.00	17.00
285.42	165.95	35.00	17.00
286.79	167.31	35.00	17.00
286.79	165.95	35.00	17.00
288.16	167.31	35.00	17.00
288.16	167.31	35.00	17.00
288.16	167.31	35.00	17.00
289.52	167.31	35.00	17.00
290.89	167.31	35.00	17.00
292.25	166.63	35.00	17.00
292.25	166.63	35.00	17.00
292.25	166.63	35.00	17.00
292.25	166.63	35.00	17.00
293.62	166.63	35.00	17.00
293.62	166.63	35.00	17.00
293.62	167.99	35.00	17.00
294.98	167.99	35.00	17.00
294.98	167.99	35.00	17.00
294.98	167.99	35.00	17.00
294.98	167.99	35.00	17.00
294.98	167.99	35.00	17.00
294.98	167.99	35.00	17.00
294.98	167.99	35.00	17.00
296.35	167.99	35.00	17.00
294.98	167.99	35.00	17.00
296.35	167.99	35.00	17.00
296.35	167.99	35.00	17.00
296.35	166.63	35.00	17.00
296.35	166.63	35.00	17.00
296.35	165.26	35.00	17.00
296.35	165.26	35.00	17.00
296.35	163.90	35.00	17.00
296.35	163.90	35.00	17.00
296.35	163.90	35.00	17.00
296.35	163.90	35.00	17.00
296.35	162.53	35.00	17.00
296.35	162.53	35.00	17.00
294.98	161.51	35.00	17.00
296.35	161.51	35.00	17.00
294.98	161.51	35.00	17.00
296.35	160.14	35.00	17.00
294.98	158.78	35.00	17.00
294.98	158.78	35.00	17.00
294.98	158.78	35.00	17.00
294.98	158.78	35.00	17.00
294.98	158.78	35.00	17.00
293.62	157.41	35.00	17.00
292.25	157.41	35.00	17.00
292.25	156.04	35.00	17.00
290.89	154.68	35.00	17.00
290.89	156.04	35.00	17.00
290.89	154.68	35.00	17.00
289.52	154.68	35.00	17.00
288.16	154.68	35.00	17.00
286.79	153.31	35.00	17.00
286.79	153.31	35.00	17.00
286.79	153.31	35.00	17.00
285.42	151.95	35.00	17.00
284.06	153.31	35.00	17.00
282.69	151.95	35.00	17.00
282.69	153.31	35.00	17.00
281.33	151.95	35.00	17.00
278.60	151.95	35.00	17.00
278.60	150.58	35.00	17.00
277.23	150.58	35.00	17.00
275.86	149.22	35.00	17.00
275.86	149.22	35.00	17.00
274.50	149.22	35.00	17.00
273.13	149.22	35.00	17.00
271.77	149.22	35.00	17.00
271.77	149.22	35.00	17.00
270.40	149.22	35.00	17.00
269.04	147.85	35.00	17.00
267.67	147.85	35.00	17.00
266.30	147.85	35.00	17.00
264.94	147.85	35.00	17.00
263.57	147.85	35.00	17.00
262.21	147.85	35.00	17.00
259.48	147.85	35.00	17.00
258.11	147.85	35.00	17.00
256.74	146.48	35.00	17.00
256.74	146.48	35.00	17.00
254.01	145.12	35.00	17.00
252.65	145.12	35.00	17.00
251.28	145.12	35.00	17.00
249.92	143.75	35.00	17.00
248.21	143.75	35.00	17.00
245.48	143.75	35.00	17.00
244.11	143.75	35.00	17.00
242.75	142.39	35.00	17.00
241.38	142.39	35.00	17.00
239.67	142.39	35.00	17.00
238.31	141.02	35.00	17.00
236.94	141.02	35.00	17.00
235.58	141.02	35.00	17.00
234.21	141.02	35.00	17.00
231.48	139.66	35.00	17.00
231.48	139.66	35.00	17.00
230.11	139.66	35.00	17.00
228.75	139.66	35.00	17.00
227.38	138.29	35.00	17.00
226.01	138.29	35.00	17.00
224.65	138.29	35.00	17.00
224.65	138.29	35.00	17.00
223.28	138.29	35.00	17.00
221.92	138.29	35.00	17.00
221.92	138.29	35.00	17.00
221.92	138.29	35.00	17.00
220.55	138.29	35.00	17.00
219.19	138.29	35.00	17.00
219.19	139.66	35.00	17.00
217.82	139.66	35.00	17.00
217.82	139.66	35.00	17.00
217.82	141.02	35.00	17.00
216.45	141.02	35.00	17.00
215.09	141.02	35.00	17.00
215.09	141.02	35.00	17.00
213.72	141.02	35.00	17.00
213.72	141.02	35.00	17.00
213.72	141.02	35.00	17.00
212.36	139.66	35.00	17.00
210.99	141.02	35.00	17.00
210.99	139.66	35.00	17.00
210.99	139.66	35.00	17.00
209.63	139.66	35.00	17.00
209.63	139.66	35.00	17.00
208.26	138.29	35.00	17.00
208.26	138.29	35.00	17.00
206.89	136.92	35.00	17.00
208.26	138.29	35.00	17.00
206.89	135.56	35.00	17.00
206.89	135.56	35.00	17.00
206.89	135.56	35.00	17.00
205.53	134.19	35.00	17.00
205.53	132.83	35.00	17.00
204.16	134.19	35.00	17.00
204.16	131.46	35.00	17.00
204.16	131.46	35.00	17.00
204.16	131.46	35.00	17.00
202.80	131.46	35.00	17.00
204.16	131.46	35.00	17.00
202.80	131.46	35.00	17.00
202.80	130.09	35.00	17.00
201.43	130.09	35.00	17.00
201.43	130.09	35.00	17.00
200.07	130.09	35.00	17.00
200.07	130.09	35.00	17.00
200.07	130.09	35.00	17.00
200.07	130.09	35.00	17.00
198.70	130.09	35.00	17.00
198.70	128.73	35.00	17.00
197.33	130.09	35.00	17.00
197.33	128.73	35.00	17.00
197.33	128.73	35.00	17.00
197.33	128.73	35.00	17.00
197.33	128.73	35.00	17.00
197.33	128.73	35.00	17.00
197.33	128.73	35.00	17.00
197.33	128.73	35.00	17.00
197.33	127.36	35.00	17.00
198.70	127.36	35.00	17.00
198.70	127.36	35.00	17.00
198.70	127.36	35.00	17.00
198.70	127.36	35.00	17.00
197.33	127.36	35.00	17.00
197.33	127.36	35.00	17.00
197.33	127.36	35.00	17.00
197.33	127.36	35.00	17.00
195.97	126.00	35.00	17.00
197.33	126.00	35.00	17.00
195.97	126.00	35.00	17.00
195.97	126.00	35.00	17.00
195.97	126.00	35.00	17.00
195.97	126.00	35.00	17.00
195.97	126.00	35.00	17.00
197.33	124.63	35.00	17.00
197.33	124.63	35.00	17.00
197.33	124.63	35.00	17.00
198.70	124.63	35.00	17.00
198.70	124.63	35.00	17.00
198.70	124.63	35.00	17.00
200.07	124.63	35.00	17.00
198.70	124.63	35.00	17.00
200.07	124.63	35.00	17.00
200.07	123.27	35.00	17.00
200.07	121.90	35.00	17.00
200.07	121.90	35.00	17.00
200.07	121.90	35.00	17.00
201.43	120.88	35.00	17.00
201.43	120.88	35.00	17.00
201.43	120.88	35.00	17.00
201.43	120.88	35.00	17.00
201.43	120.88	35.00	17.00
202.80	119.51	35.00	17.00
202.80	118.14	35.00	17.00
202.80	118.14	35.00	17.00
204.16	116.78	35.00	17.00
202.80	118.14	35.00	17.00
204.16	115.41	35.00	17.00
204.16	115.41	35.00	17.00
204.16	115.41	35.00	17.00
204.16	114.05	35.00	17.00
205.53	112.68	35.00	17.00
205.53	111.32	35.00	17.00
206.89	111.32	35.00	17.00
208.26	109.95	35.00	17.00
208.26	109.95	35.00	17.00
209.63	108.58	35.00	17.00
210.99	107.22	35.00	17.00
212.36	107.22	35.00	17.00
213.72	105.85	35.00	17.00
215.09	105.85	35.00	17.00
215.09	105.85	35.00	17.00
215.09	105.85	35.00	17.00
215.09	107.22	35.00	17.00
215.09	107.22	35.00	17.00
215.09	107.22	35.00	17.00
216.45	107.22	35.00	17.00
216.45	107.22	35.00	17.00
215.45	105.85	36.00	17.00
215.45	107.23	37.00	17.00
215.45	105.84	37.00	17.00
214.07	105.84	36.00	17.00
214.07	105.84	36.00	17.00
214.07	105.84	36.00	17.00
214.07	105.84	36.00	17.00
212.69	104.47	36.00	17.00
212.69	104.47	36.00	17.00
211.31	104.47	37.00	17.00
209.93	104.47	36.00	17.00
209.93	104.47	36.00	17.00
209.93	104.47	36.00	17.00
209.93	104.47	36.00	17.00
209.93	104.47	36.00	17.00
209.93	104.47	36.00	17.00
209.93	104.47	36.00	17.00
209.93	105.84	36.00	17.00
209.93	105.84	36.00	17.00
208.55	105.84	36.00	17.00
208.55	105.84	36.00	17.00
207.17	107.22	36.00	17.00
207.17	105.84	36.00	17.00
207.17	107.56	36.00	17.00
207.17	108.94	36.00	17.00
205.79	110.32	36.00	17.00
204.42	110.32	37.00	17.00
204.42	111.70	37.00	17.00
203.03	113.09	37.00	17.00
203.03	113.09	37.00	17.00
203.03	113.09	37.00	17.00
203.03	113.09	37.00	17.00
203.03	113.09	37.00	17.00
201.64	113.09	37.00	17.00
203.03	113.09	37.00	17.00
201.64	113.09	36.00	17.00
203.02	113.09	37.00	17.00
203.02	113.09	37.00	17.00
203.02	113.09	37.00	17.00
203.02	113.09	37.00	17.00
203.02	113.09	37.00	17.00
203.02	113.09	37.00	17.00
203.02	113.09	37.00	17.00
201.63	113.09	37.00	17.00
203.02	113.09	37.00	17.00
203.02	111.70	37.00	17.00
203.02	111.70	37.00	17.00
203.02	111.70	37.00	17.00
203.02	111.70	37.00	17.00
203.02	111.70	37.00	17.00
203.02	111.70	37.00	17.00
203.02	111.70	37.00	17.00
201.63	111.70	37.00	17.00
201.63	111.70	37.00	17.00
201.63	111.70	37.00	17.00
201.63	111.70	37.00	17.00
200.24	111.70	37.00	17.00
200.24	111.70	37.00	17.00
200.24	111.70	37.00	17.00
200.24	111.70	37.00	17.00
200.24	111.70	37.00	17.00
200.24	110.32	37.00	17.00
200.24	109.32	37.00	18.00
200.24	109.32	37.00	18.00
200.24	108.22	37.00	18.00
200.24	108.22	37.00	18.00
200.24	108.22	37.00	18.00
200.24	106.77	37.00	18.00
200.24	106.77	37.00	18.00
200.24	106.77	37.00	18.00
200.24	106.77	37.00	18.00
200.24	106.77	37.00	18.00
200.24	106.77	37.00	18.00
199.24	106.77	38.00	18.00
199.24	106.03	38.00	18.00
200.71	104.56	38.00	18.00
199.24	104.56	38.00	18.00
200.71	104.56	38.00	18.00
199.24	104.56	38.00	18.00
199.24	104.56	38.00	18.00
199.24	104.56	38.00	18.00
199.24	104.56	38.00	18.00
199.24	104.56	38.00	18.00
199.24	104.56	38.00	18.00
199.24	104.56	38.00	18.00
197.77	106.03	38.00	18.00
197.77	107.50	38.00	18.00
197.77	108.97	38.00	18.00
197.77	108.97	38.00	18.00
197.77	108.97	39.00	18.00
196.77	108.97	40.00	19.00
195.21	110.53	40.00	19.00
195.21	110.53	40.00	19.00
195.21	110.53	40.00	19.00
195.21	110.53	40.00	19.00
193.65	112.09	40.00	19.00
193.65	112.09	40.00	19.00
193.65	112.09	40.00	19.00
193.65	112.09	41.00	19.00
193.65	112.09	41.00	19.00
193.65	112.09	41.00	19.00
193.65	112.09	41.00	19.00
193.65	112.09	41.00	19.00
193.65	112.09	41.00	19.00
192.65	111.09	42.00	20.00
191.05	112.69	42.00	20.00
191.05	111.49	42.00	20.00
192.65	113.09	42.00	20.00
191.05	113.09	42.00	20.00
192.65	113.09	42.00	20.00
192.65	111.49	42.00	20.00
192.65	111.49	42.00	20.00
192.65	111.49	42.00	20.00
192.65	111.49	42.00	20.00
192.65	109.89	42.00	20.00
194.25	109.89	43.00	20.00
194.25	109.89	43.00	20.00
194.25	108.23	43.00	20.00
194.25	108.23	43.00	20.00
194.25	108.23	43.00	20.00
194.25	108.23	43.00	20.00
194.25	106.56	43.00	20.00
194.25	106.56	43.00	20.00
193.25	106.56	44.00	21.00
194.94	107.41	44.00	21.00
194.94	109.10	45.00	21.00
194.94	109.10	45.00	21.00
196.65	109.80	45.00	22.00
196.65	109.80	45.00	22.00
198.42	109.80	45.00	22.00
199.19	109.80	46.00	22.00
199.19	109.80	46.00	22.00
200.98	109.80	46.00	22.00
202.76	109.80	46.00	22.00
202.76	109.80	46.00	22.00
204.55	109.80	46.00	22.00
206.33	111.59	46.00	22.00
208.12	111.59	47.00	22.00
208.12	111.59	47.00	22.00
208.12	111.59	47.00	22.00
209.91	113.39	47.00	22.00
209.91	115.18	47.00	22.00
208.91	115.18	48.00	23.00
208.91	115.18	48.00	23.00
207.04	113.30	49.00	23.00
206.04	112.30	50.00	24.00
204.12	114.22	50.00	24.00
204.12	114.22	50.00	24.00
204.12	112.30	50.00	24.00
204.12	112.30	51.00	24.00
202.14	112.30	51.00	24.00
202.14	112.30	51.00	24.00
204.12	110.32	51.00	24.00
204.12	110.32	51.00	24.00
204.12	110.32	51.00	24.00
206.10	110.32	51.00	24.00
206.10	110.32	51.00	24.00
206.10	110.32	51.00	24.00
206.10	110.32	51.00	24.00
206.10	110.82	51.00	24.00
205.10	110.82	52.00	25.00
205.10	112.83	52.00	25.00
205.10	112.83	52.00	25.00
205.10	113.83	52.00	25.00
207.11	115.84	53.00	25.00
206.11	116.86	54.00	26.00
206.11	116.86	55.00	26.00
204.00	116.86	54.00	26.00
204.00	116.86	54.00	26.00
204.00	118.96	54.00	26.00
204.00	118.96	54.00	26.00
204.00	118.96	54.00	26.00
204.00	118.96	54.00	26.00
204.00	118.96	54.00	26.00
204.00	118.96	54.00	26.00
206.10	118.96	55.00	26.00
206.10	118.96	55.00	26.00
206.10	118.96	55.00	26.00
206.10	118.96	55.00	26.00
205.10	118.96	56.00	27.00
204.10	118.96	58.00	27.00
204.10	117.96	59.00	28.00
201.80	116.66	58.00	27.00
204.02	115.66	59.00	28.00
201.72	116.66	58.00	27.00
201.72	116.66	58.00	27.00
203.94	115.11	59.00	28.00
203.94	112.81	59.00	28.00
203.94	112.81	59.00	28.00
201.64	112.81	59.00	28.00
201.64	112.81	59.00	28.00
201.64	112.81	59.00	28.00
201.64	112.81	59.00	28.00
200.64	115.11	60.00	28.00
200.64	115.11	60.00	28.00
202.95	115.11	61.00	29.00
204.28	114.11	62.00	30.00
204.28	114.11	62.00	30.00
204.28	114.11	62.00	30.00
204.28	114.11	62.00	30.00
204.28	114.11	62.00	30.00
205.70	114.11	64.00	30.00
205.70	116.55	64.00	30.00
205.70	114.11	65.00	31.00
205.70	114.11	65.00	31.00
205.70	114.11	65.00	31.00
205.70	114.11	65.00	31.00
207.22	114.11	66.00	31.00
207.22	110.58	67.00	32.00
207.22	110.58	67.00	32.00
207.22	110.58	67.00	32.00
207.22	110.58	67.00	32.00
207.22	110.58	67.00	32.00
207.22	110.58	67.00	32.00
208.83	107.96	69.00	33.00
208.83	107.96	69.00	33.00
210.48	107.96	70.00	33.00
210.48	107.96	70.00	33.00
212.19	106.96	72.00	34.00
212.19	106.96	72.00	34.00
214.95	106.96	72.00	34.00
214.95	106.96	72.00	34.00
217.70	106.96	72.00	34.00
217.70	104.21	72.00	34.00
220.46	104.21	73.00	35.00
219.46	104.21	75.00	35.00
216.60	104.21	75.00	35.00
216.60	104.21	75.00	35.00
216.60	104.21	75.00	35.00
216.60	101.35	75.00	35.00
216.60	101.35	75.00	35.00
216.60	101.35	75.00	35.00
219.46	101.35	75.00	35.00
218.46	100.35	76.00	36.00
218.46	100.35	76.00	36.00
221.39	100.35	76.00	36.00
220.39	100.35	78.00	37.00
220.39	97.32	78.00	37.00
220.39	97.32	79.00	37.00
220.39	97.32	79.00	37.00
220.39	97.32	79.00	37.00
220.39	97.32	79.00	37.00
220.39	97.32	79.00	37.00
217.35	100.36	78.00	37.00
217.35	100.36	78.00	37.00
217.35	103.40	78.00	37.00
217.35	103.40	78.00	37.00
220.38	103.40	79.00	37.00
220.38	103.40	79.00	37.00
220.38	103.40	79.00	37.00
220.38	103.40	79.00	37.00
220.38	103.40	79.00	37.00
220.38	100.35	79.00	37.00
220.38	100.35	79.00	37.00
220.38	100.35	79.00	37.00
217.34	100.35	78.00	37.00
217.34	100.35	78.00	37.00
217.34	100.35	78.00	37.00
217.34	100.35	78.00	37.00
217.34	100.35	78.00	37.00
220.37	100.35	79.00	37.00
220.37	100.35	79.00	37.00
220.37	103.40	79.00	37.00
217.33	103.40	78.00	37.00
217.33	106.43	78.00	37.00
214.30	106.43	78.00	37.00
211.27	109.46	78.00	37.00
208.24	109.46	78.00	37.00
205.21	109.46	78.00	37.00
202.17	106.43	78.00	37.00
199.14	106.43	78.00	37.00
199.14	106.43	78.00	37.00
199.14	106.43	78.00	37.00
196.11	106.43	78.00	37.00
196.11	106.43	78.00	37.00
196.11	106.43	78.00	37.00
196.11	106.43	78.00	37.00
196.11	106.43	78.00	37.00
193.08	106.43	78.00	37.00
193.08	106.43	78.00	37.00
193.08	106.43	78.00	37.00
190.05	106.43	78.00	37.00
187.02	109.46	78.00	37.00
187.02	109.46	78.00	37.00
183.99	109.46	78.00	37.00
181.96	109.46	76.00	36.00
181.96	112.40	76.00	36.00
181.96	112.40	76.00	36.00
182.96	113.40	75.00	35.00
182.96	113.40	75.00	35.00
182.96	110.54	75.00	35.00
182.96	110.54	75.00	35.00
182.96	107.68	75.00	35.00
182.96	104.82	75.00	35.00
182.96	99.11	75.00	35.00
182.96	96.25	75.00	35.00
181.96	89.54	76.00	36.00
179.02	89.54	76.00	36.00
176.08	86.60	76.00	36.00
176.08	83.66	76.00	36.00
176.08	80.72	76.00	36.00
176.08	80.72	76.00	36.00
177.08	78.78	75.00	35.00
179.94	78.78	75.00	35.00
180.94	78.78	73.00	35.00
183.77	81.62	73.00	35.00
183.77	81.62	73.00	35.00
186.61	84.45	73.00	35.00
189.44	87.29	73.00	35.00
192.28	87.29	73.00	35.00
192.28	90.12	73.00	35.00
194.11	92.96	75.00	35.00
194.11	92.96	75.00	35.00
194.11	92.96	75.00	35.00
194.11	90.10	75.00	35.00
194.11	86.53	75.00	35.00
194.11	83.67	75.00	35.00
194.11	83.67	75.00	35.00
194.11	80.82	75.00	35.00
195.11	80.82	73.00	35.00
197.95	77.98	72.00	34.00
200.70	77.98	72.00	34.00
203.46	77.98	72.00	34.00
203.46	77.98	72.00	34.00
203.46	80.73	72.00	34.00
203.46	83.49	72.00	34.00
200.70	86.24	73.00	35.00
196.16	86.24	75.00	35.00
193.30	89.10	75.00	35.00
191.44	91.96	73.00	35.00
191.44	94.79	73.00	35.00
191.44	94.79	73.00	35.00
191.44	97.63	73.00	35.00
194.28	94.79	73.00	35.00
194.28	94.79	73.00	35.00
197.11	91.96	73.00	35.00
197.11	90.54	73.00	35.00
197.11	87.70	73.00	35.00
197.11	84.87	73.00	35.00
194.28	84.87	73.00	35.00
191.44	84.87	73.00	35.00
191.44	84.87	73.00	35.00
191.44	84.87	73.00	35.00
191.44	84.87	73.00	35.00
191.44	84.87	73.00	35.00
191.44	84.87	73.00	35.00
191.44	84.87	73.00	35.00
191.44	85.58	73.00	35.00
191.44	85.58	73.00	35.00
191.44	88.41	73.00	35.00
191.44	88.41	73.00	35.00
194.28	91.25	72.00	34.00
195.28	92.25	70.00	33.00
197.99	92.25	70.00	33.00
197.99	92.25	70.00	33.00
197.99	92.25	70.00	33.00
197.99	92.25	70.00	33.00
200.71	91.57	70.00	33.00
200.71	91.57	70.00	33.00
201.71	94.28	69.00	33.00
201.71	96.93	69.00	33.00
201.71	96.93	69.00	33.00
201.71	96.93	69.00	33.00
200.06	96.93	67.00	32.00
200.06	96.93	67.00	32.00
200.06	96.93	67.00	32.00
200.06	96.93	67.00	32.00
200.06	97.93	66.00	31.00
201.06	97.93	65.00	31.00
201.06	95.41	64.00	30.00
205.94	95.41	64.00	30.00
208.37	95.41	64.00	30.00
213.25	92.98	64.00	30.00
218.13	92.98	64.00	30.00
221.56	90.54	62.00	30.00
226.40	90.54	62.00	30.00
228.81	90.54	62.00	30.00
231.23	90.54	62.00	30.00
231.23	90.54	62.00	30.00
233.64	90.54	62.00	30.00
234.64	91.54	61.00	29.00
234.64	93.87	60.00	28.00
234.64	96.18	60.00	28.00
234.64	96.18	60.00	28.00
235.64	98.49	59.00	28.00
235.64	98.49	59.00	28.00
237.94	98.49	59.00	28.00
237.94	101.78	58.00	27.00
238.94	99.57	56.00	27.00
241.13	99.57	56.00	27.00
243.33	99.57	56.00	27.00
243.33	99.57	56.00	27.00
242.13	99.57	55.00	26.00
242.13	97.46	55.00	26.00
240.02	97.46	55.00	26.00
240.02	97.46	55.00	26.00
237.91	99.57	55.00	26.00
237.91	99.57	55.00	26.00
237.91	99.57	55.00	26.00
237.91	99.57	55.00	26.00
235.80	99.57	54.00	26.00
236.80	100.57	53.00	25.00
236.80	100.57	53.00	25.00
236.80	100.57	53.00	25.00
238.82	98.55	53.00	25.00
238.82	96.53	53.00	25.00
240.84	95.02	53.00	25.00
242.86	93.00	53.00	25.00
244.88	93.00	53.00	25.00
246.89	93.00	53.00	25.00
246.89	93.00	53.00	25.00
246.89	93.00	52.00	25.00
247.89	90.99	51.00	24.00
247.89	90.99	51.00	24.00
247.89	90.99	51.00	24.00
247.89	89.01	51.00	24.00
247.89	89.01	50.00	24.00
248.89	90.01	49.00	23.00
248.89	88.12	48.00	23.00
249.89	88.12	47.00	22.00
249.89	89.92	46.00	22.00
250.89	89.92	45.00	22.00
252.67	88.14	45.00	22.00
254.44	88.14	45.00	22.00
256.22	86.37	45.00	22.00
257.99	86.37	45.00	22.00
257.99	86.37	45.00	22.00
257.99	86.37	45.00	22.00
257.99	86.37	45.00	22.00
256.22	86.37	45.00	22.00
254.44	86.37	45.00	22.00
254.44	86.37	45.00	22.00
252.67	86.37	45.00	22.00
252.67	88.14	45.00	22.00
252.67	88.14	45.00	22.00
250.89	88.14	45.00	22.00
250.89	89.14	45.00	21.00
250.89	87.44	44.00	21.00
250.89	89.13	44.00	21.00
251.89	87.44	43.00	20.00
253.56	89.10	43.00	20.00
255.23	89.10	43.00	20.00
256.89	89.10	42.00	20.00
259.49	90.10	41.00	19.00
262.64	90.10	40.00	19.00
265.76	91.28	40.00	19.00
268.88	91.28	40.00	19.00
272.01	91.28	40.00	19.00
273.57	91.28	40.00	19.00
275.13	89.71	40.00	19.00
277.08	88.15	40.00	19.00
279.03	86.59	40.00	19.00
280.60	86.59	40.00	19.00
280.60	85.03	40.00	19.00
283.16	83.47	39.00	18.00
284.64	83.47	39.00	18.00
284.64	83.47	39.00	18.00
286.12	83.47	39.00	18.00
284.64	83.47	38.00	18.00
286.11	83.47	38.00	18.00
286.11	83.47	38.00	18.00
287.58	84.94	38.00	18.00
287.58	83.47	38.00	18.00
288.58	83.47	37.00	18.00
291.49	83.47	37.00	18.00
292.95	83.47	37.00	18.00
291.49	84.93	37.00	18.00
291.49	84.93	37.00	18.00
288.58	86.02	37.00	18.00
285.66	86.02	37.00	18.00
282.74	87.02	37.00	17.00
279.97	87.02	36.00	17.00
277.21	87.02	36.00	17.00
276.84	87.02	35.00	17.00
275.47	88.38	34.00	16.00
275.47	89.67	34.00	16.00
275.47	90.95	34.00	16.00
275.47	90.95	34.00	16.00
276.76	92.24	34.00	16.00
276.47	93.52	33.00	16.00
277.75	94.52	32.00	15.00
277.75	97.01	32.00	15.00
279.99	97.01	31.00	15.00
281.17	98.20	31.00	15.00
281.17	99.97	31.00	15.00
281.17	102.33	31.00	15.00
281.17	102.33	31.00	15.00
281.17	103.51	31.00	14.00
280.01	104.67	31.00	14.00
280.01	104.67	31.00	14.00
280.01	104.67	31.00	14.00
281.17	104.67	31.00	14.00
281.17	103.51	31.00	14.00
281.17	102.34	31.00	14.00
282.34	101.18	31.00	14.00
281.17	100.02	31.00	14.00
281.17	98.85	31.00	14.00
281.17	96.52	31.00	14.00
280.01	94.19	31.00	14.00
280.01	95.36	31.00	14.00
278.84	93.03	31.00	14.00
280.01	91.57	31.00	14.00
280.01	88.08	31.00	14.00
280.01	88.95	31.00	14.00
280.01	86.62	31.00	14.00
281.17	84.29	31.00	14.00
281.17	84.29	31.00	14.00
281.17	84.29	31.00	14.00
281.17	84.29	31.00	14.00
281.17	83.13	31.00	14.00
281.17	83.13	31.00	14.00
281.17	83.13	31.00	14.00
281.17	83.13	31.00	14.00
281.17	83.13	31.00	14.00
281.17	81.96	31.00	14.00
280.01	81.96	31.00	14.00
278.84	81.96	31.00	14.00
280.01	80.80	31.00	14.00
