276.00	161.00	73.00	74.00
279.93	161.00	73.00	74.00
282.87	161.00	74.00	75.00
283.87	161.00	73.00	74.00
287.80	161.00	73.00	74.00
290.73	161.00	74.00	75.00
294.69	161.00	74.00	75.00
298.65	161.00	74.00	75.00
301.61	160.00	76.00	77.00
303.61	161.00	73.00	74.00
307.55	161.00	73.00	74.00
309.48	160.00	76.00	77.00
311.48	156.93	73.00	74.00
311.48	149.07	73.00	74.00
311.48	145.15	72.00	73.00
314.33	136.44	74.00	75.00
314.33	136.44	74.00	75.00
314.33	136.44	74.00	75.00
314.33	140.40	74.00	75.00
314.33	144.36	74.00	75.00
311.37	145.36	72.00	73.00
312.37	150.22	70.00	71.00
312.37	150.22	70.00	71.00
312.37	150.22	70.00	71.00
312.37	150.22	70.00	71.00
311.37	149.22	72.00	73.00
311.37	152.07	73.00	74.00
309.44	154.07	69.00	70.00
310.44	158.79	67.00	68.00
310.44	158.79	67.00	68.00
310.44	162.40	67.00	68.00
310.44	162.40	67.00	68.00
310.44	162.40	67.00	68.00
309.44	161.40	69.00	70.00
308.44	161.40	70.00	71.00
307.44	160.40	72.00	73.00
307.44	159.40	73.00	74.00
303.51	160.40	72.00	73.00
303.51	160.40	72.00	73.00
303.51	164.26	72.00	73.00
301.65	165.26	69.00	70.00
301.65	168.98	69.00	70.00
301.65	168.98	69.00	70.00
302.51	172.70	70.00	71.00
302.51	172.70	70.00	71.00
302.51	172.70	70.00	71.00
303.51	172.70	69.00	70.00
303.51	172.70	69.00	70.00
303.51	172.70	69.00	70.00
303.51	172.70	69.00	70.00
303.51	172.70	69.00	70.00
303.51	172.70	69.00	70.00
303.51	172.70	69.00	70.00
303.51	172.70	69.00	70.00
302.51	172.70	70.00	71.00
301.51	175.44	72.00	73.00
301.51	175.44	72.00	73.00
301.51	175.44	72.00	73.00
301.51	175.44	72.00	73.00
301.51	178.30	73.00	74.00
301.51	178.30	73.00	74.00
301.51	178.30	73.00	74.00
301.51	182.23	73.00	74.00
302.51	180.30	70.00	71.00
305.26	178.30	73.00	74.00
305.26	174.36	73.00	74.00
305.26	174.36	73.00	74.00
305.26	174.36	73.00	74.00
305.26	174.36	73.00	74.00
305.26	174.36	73.00	74.00
305.26	179.28	73.00	74.00
305.26	188.13	73.00	74.00
305.26	193.05	73.00	74.00
305.26	197.96	73.00	74.00
305.26	197.96	73.00	74.00
304.26	197.96	74.00	75.00
303.26	196.96	76.00	77.00
300.19	197.96	74.00	75.00
299.19	198.94	76.00	77.00
298.19	201.01	79.00	80.00
294.94	203.01	76.00	77.00
294.94	206.08	77.00	79.00
294.94	206.08	77.00	79.00
292.94	208.24	81.00	82.00
290.94	211.60	84.00	85.00
287.45	212.60	82.00	83.00
287.45	212.60	82.00	83.00
287.45	208.21	82.00	83.00
288.45	203.82	81.00	82.00
287.45	203.82	82.00	83.00
287.45	199.44	82.00	83.00
287.45	199.44	82.00	83.00
286.45	198.44	84.00	85.00
286.45	193.94	84.00	85.00
286.45	193.94	84.00	85.00
286.45	193.94	84.00	85.00
286.45	193.94	84.00	85.00
286.45	193.94	84.00	85.00
286.45	193.94	84.00	85.00
287.45	194.94	82.00	83.00
288.45	194.94	81.00	82.00
290.72	194.94	82.00	83.00
291.72	194.94	81.00	82.00
291.72	194.94	81.00	82.00
291.72	194.94	81.00	82.00
291.72	194.94	81.00	82.00
293.72	192.58	77.00	79.00
295.84	191.58	79.00	80.00
295.84	191.58	79.00	80.00
295.84	191.58	79.00	80.00
295.84	191.58	79.00	80.00
294.84	190.58	81.00	82.00
294.84	190.58	81.00	82.00
294.84	190.58	81.00	82.00
295.84	187.22	79.00	80.00
295.84	188.29	79.00	80.00
295.84	188.29	79.00	80.00
295.84	188.29	79.00	80.00
295.84	188.29	79.00	80.00
295.84	188.29	79.00	80.00
295.84	188.29	79.00	80.00
295.84	188.29	79.00	80.00
295.84	188.29	79.00	80.00
295.84	188.29	79.00	80.00
295.84	188.29	79.00	80.00
295.84	188.29	79.00	80.00
295.84	188.29	79.00	80.00
295.84	188.29	79.00	80.00
295.84	188.29	79.00	80.00
295.84	188.29	79.00	80.00
295.84	188.29	79.00	80.00
295.84	188.29	79.00	80.00
294.84	187.29	81.00	82.00
294.84	187.29	81.00	82.00
294.84	187.29	81.00	82.00
295.84	183.93	79.00	80.00
295.84	183.93	79.00	80.00
295.84	183.93	79.00	80.00
295.84	183.93	79.00	80.00
294.84	182.93	81.00	82.00
294.84	182.93	81.00	82.00
295.84	179.57	79.00	80.00
295.84	179.57	79.00	80.00
294.84	178.57	81.00	82.00
293.84	178.57	82.00	83.00
289.45	178.57	82.00	83.00
293.84	174.18	82.00	83.00
292.64	174.18	81.00	82.00
292.64	174.18	81.00	82.00
292.64	174.18	81.00	82.00
292.64	174.18	81.00	82.00
292.64	174.18	81.00	82.00
292.64	174.18	81.00	82.00
292.64	174.18	81.00	82.00
292.64	174.18	81.00	82.00
292.64	174.18	81.00	82.00
292.64	178.54	81.00	82.00
292.64	178.54	81.00	82.00
293.64	179.54	79.00	80.00
293.64	179.54	79.00	80.00
294.64	180.54	77.00	79.00
293.64	183.70	79.00	80.00
293.64	183.70	79.00	80.00
293.64	183.70	79.00	80.00
293.64	183.70	79.00	80.00
293.64	183.70	79.00	80.00
293.64	183.70	79.00	80.00
294.64	180.45	77.00	79.00
294.64	180.45	77.00	79.00
294.64	180.45	77.00	79.00
293.64	179.45	79.00	80.00
293.64	179.45	79.00	80.00
293.64	179.45	79.00	80.00
290.39	180.45	77.00	79.00
290.39	181.45	76.00	77.00
290.39	181.45	76.00	77.00
291.39	182.45	74.00	75.00
290.39	185.41	76.00	77.00
290.39	185.41	76.00	77.00
290.39	185.41	76.00	77.00
290.39	185.41	76.00	77.00
290.39	189.47	76.00	77.00
291.39	190.47	74.00	75.00
291.39	190.47	74.00	75.00
291.39	190.47	74.00	75.00
291.39	194.43	74.00	75.00
291.39	194.43	74.00	75.00
291.39	194.43	74.00	75.00
291.39	194.43	74.00	75.00
291.39	194.43	74.00	75.00
291.39	190.47	74.00	75.00
291.39	190.47	74.00	75.00
291.39	190.47	74.00	75.00
292.39	186.51	73.00	74.00
292.39	187.51	72.00	73.00
296.24	186.51	73.00	74.00
296.24	186.51	73.00	74.00
296.24	186.51	73.00	74.00
298.21	186.51	73.00	74.00
298.21	186.51	73.00	74.00
301.14	190.45	74.00	75.00
301.14	190.45	74.00	75.00
301.14	190.45	74.00	75.00
305.10	190.45	74.00	75.00
304.10	193.41	76.00	77.00
304.10	193.41	76.00	77.00
304.10	193.41	76.00	77.00
304.10	193.41	76.00	77.00
304.10	193.41	76.00	77.00
304.10	193.41	76.00	77.00
300.04	193.41	76.00	77.00
300.04	193.41	76.00	77.00
300.04	189.34	76.00	77.00
300.04	189.34	76.00	77.00
300.04	189.34	76.00	77.00
296.97	190.34	74.00	75.00
296.97	190.34	74.00	75.00
297.97	186.38	73.00	74.00
297.97	186.38	73.00	74.00
297.97	185.40	73.00	74.00
297.97	181.46	73.00	74.00
297.97	177.53	73.00	74.00
297.97	173.60	73.00	74.00
296.97	173.60	74.00	75.00
296.97	173.60	74.00	75.00
293.01	173.60	74.00	75.00
293.01	173.60	74.00	75.00
294.99	173.60	74.00	75.00
294.99	173.60	74.00	75.00
294.99	173.60	74.00	75.00
294.99	173.60	74.00	75.00
294.99	173.60	74.00	75.00
294.99	173.60	74.00	75.00
299.95	169.64	73.00	74.00
299.95	169.64	73.00	74.00
299.95	165.70	73.00	74.00
299.95	161.77	73.00	74.00
298.95	161.77	74.00	75.00
298.95	157.81	74.00	75.00
294.99	157.81	74.00	75.00
293.99	156.81	76.00	77.00
293.99	155.81	77.00	79.00
293.99	151.65	77.00	79.00
292.99	150.65	79.00	80.00
289.74	151.65	77.00	79.00
289.74	151.65	77.00	79.00
289.74	151.65	77.00	79.00
289.74	151.65	77.00	79.00
289.74	151.65	77.00	79.00
289.74	151.65	77.00	79.00
289.74	151.65	77.00	79.00
289.74	151.65	77.00	79.00
289.74	151.65	77.00	79.00
289.74	151.65	77.00	79.00
292.90	150.65	79.00	80.00
291.90	149.65	81.00	82.00
290.90	149.65	82.00	83.00
290.90	149.65	82.00	83.00
290.90	149.65	82.00	83.00
290.90	149.65	82.00	83.00
290.90	149.65	82.00	83.00
290.90	149.65	82.00	83.00
290.90	149.65	82.00	83.00
290.90	149.65	82.00	83.00
290.90	154.04	82.00	83.00
290.90	154.04	82.00	83.00
291.90	154.04	81.00	82.00
291.90	158.40	81.00	82.00
296.26	158.40	81.00	82.00
296.26	162.76	81.00	82.00
296.26	162.76	81.00	82.00
296.26	166.03	81.00	82.00
296.26	166.03	81.00	82.00
295.26	166.03	82.00	83.00
295.26	161.64	82.00	83.00
292.87	162.64	79.00	80.00
293.87	164.70	77.00	79.00
293.87	164.70	77.00	79.00
293.87	164.70	77.00	79.00
292.87	163.70	79.00	80.00
292.87	163.70	79.00	80.00
292.87	163.70	79.00	80.00
292.87	163.70	79.00	80.00
291.81	163.70	79.00	80.00
291.81	163.70	79.00	80.00
291.81	159.45	79.00	80.00
291.81	159.45	79.00	80.00
292.81	160.45	77.00	79.00
292.81	160.45	77.00	79.00
292.81	160.45	77.00	79.00
292.81	160.45	77.00	79.00
292.81	160.45	77.00	79.00
292.81	156.29	77.00	79.00
292.81	156.29	77.00	79.00
292.81	156.29	77.00	79.00
292.81	156.29	77.00	79.00
291.77	156.29	77.00	79.00
291.77	152.13	77.00	79.00
287.61	153.13	76.00	77.00
287.61	153.13	76.00	77.00
283.54	153.13	76.00	77.00
283.54	153.13	76.00	77.00
283.54	153.13	76.00	77.00
283.54	153.13	76.00	77.00
283.54	150.08	76.00	77.00
279.47	150.08	76.00	77.00
279.47	150.08	76.00	77.00
279.47	150.08	76.00	77.00
279.47	150.08	76.00	77.00
279.47	150.08	76.00	77.00
279.47	150.08	76.00	77.00
279.47	150.08	76.00	77.00
279.47	150.08	76.00	77.00
279.47	150.08	76.00	77.00
279.47	146.01	76.00	77.00
275.41	146.01	76.00	77.00
275.41	146.01	76.00	77.00
275.41	141.95	76.00	77.00
275.41	141.95	76.00	77.00
275.41	141.95	76.00	77.00
275.41	141.95	76.00	77.00
275.41	137.88	76.00	77.00
275.41	137.88	76.00	77.00
275.41	137.88	76.00	77.00
275.41	137.88	76.00	77.00
275.41	136.86	76.00	77.00
279.47	136.86	76.00	77.00
279.47	136.86	76.00	77.00
279.47	132.80	76.00	77.00
279.47	132.80	76.00	77.00
279.47	132.80	76.00	77.00
279.47	132.80	76.00	77.00
279.47	132.80	76.00	77.00
282.52	135.86	77.00	79.00
282.52	135.86	77.00	79.00
282.52	135.86	77.00	79.00
281.52	139.02	79.00	80.00
284.71	139.02	79.00	80.00
285.71	140.02	77.00	79.00
284.71	143.18	79.00	80.00
285.71	144.18	77.00	79.00
285.71	147.30	77.00	79.00
285.71	147.30	77.00	79.00
287.79	150.42	77.00	79.00
287.79	150.42	77.00	79.00
287.79	152.50	77.00	79.00
286.79	155.66	79.00	80.00
288.86	156.66	77.00	79.00
288.86	157.66	76.00	77.00
288.86	160.73	77.00	79.00
293.02	160.73	77.00	79.00
293.02	162.81	77.00	79.00
293.02	162.81	77.00	79.00
293.02	166.97	77.00	79.00
293.02	167.97	76.00	77.00
293.02	172.04	76.00	77.00
293.02	172.04	76.00	77.00
293.02	172.04	76.00	77.00
293.02	172.04	76.00	77.00
293.02	172.04	76.00	77.00
293.02	172.04	76.00	77.00
293.02	172.04	76.00	77.00
293.02	172.04	76.00	77.00
293.02	172.04	76.00	77.00
293.02	172.04	76.00	77.00
293.02	172.04	76.00	77.00
293.02	172.04	76.00	77.00
293.02	176.10	76.00	77.00
294.02	177.10	74.00	75.00
294.02	179.08	74.00	75.00
294.02	183.04	74.00	75.00
295.02	183.04	73.00	74.00
295.02	183.04	73.00	74.00
295.02	187.98	72.00	73.00
295.02	187.98	72.00	73.00
295.02	191.83	72.00	73.00
295.02	191.83	72.00	73.00
295.02	195.68	72.00	73.00
298.87	195.68	72.00	73.00
298.87	199.54	72.00	73.00
298.87	199.54	72.00	73.00
298.87	203.39	72.00	73.00
298.87	203.39	72.00	73.00
297.91	207.24	72.00	73.00
297.91	207.24	72.00	73.00
297.91	207.24	72.00	73.00
296.94	207.24	72.00	73.00
296.94	207.24	72.00	73.00
296.94	207.24	72.00	73.00
296.94	207.24	72.00	73.00
297.94	208.24	70.00	71.00
297.94	206.37	70.00	71.00
297.94	206.37	70.00	71.00
297.94	206.37	70.00	71.00
297.94	206.37	70.00	71.00
298.94	210.12	69.00	70.00
300.80	210.12	69.00	70.00
300.80	210.12	69.00	70.00
300.80	213.84	69.00	70.00
300.80	213.84	69.00	70.00
300.80	213.84	69.00	70.00
300.80	213.84	69.00	70.00
300.80	210.12	69.00	70.00
300.80	206.40	69.00	70.00
297.08	206.40	69.00	70.00
294.29	206.40	69.00	70.00
294.29	206.40	69.00	70.00
290.57	206.40	69.00	70.00
290.57	206.40	69.00	70.00
290.57	206.40	69.00	70.00
290.57	206.40	69.00	70.00
290.57	206.40	69.00	70.00
290.57	202.68	69.00	70.00
291.57	203.68	67.00	68.00
291.57	201.97	66.00	67.00
288.04	201.97	66.00	67.00
288.04	198.43	66.00	67.00
288.04	194.90	66.00	67.00
289.04	191.37	65.00	66.00
289.04	187.86	65.00	66.00
289.04	184.35	65.00	66.00
289.04	179.97	65.00	66.00
289.04	175.59	65.00	66.00
288.04	171.20	66.00	67.00
287.16	165.79	67.00	68.00
286.16	160.27	69.00	70.00
282.44	156.55	69.00	70.00
282.44	151.90	69.00	70.00
282.44	148.18	69.00	70.00
282.44	145.39	69.00	70.00
282.44	141.67	69.00	70.00
282.44	137.95	69.00	70.00
281.44	137.95	70.00	71.00
280.44	136.95	72.00	73.00
279.47	136.95	72.00	73.00
279.47	136.95	72.00	73.00
279.47	136.95	72.00	73.00
279.47	140.80	72.00	73.00
280.47	141.80	70.00	71.00
280.47	145.55	70.00	71.00
281.41	149.30	70.00	71.00
282.41	149.30	69.00	70.00
282.41	153.02	69.00	70.00
282.41	153.02	69.00	70.00
282.41	156.74	69.00	70.00
286.13	156.74	69.00	70.00
285.13	160.46	70.00	71.00
284.13	162.20	73.00	74.00
284.13	162.20	73.00	74.00
284.13	166.14	73.00	74.00
284.13	170.07	73.00	74.00
287.06	174.00	74.00	75.00
287.06	174.00	74.00	75.00
287.06	178.95	74.00	75.00
287.06	182.91	74.00	75.00
289.03	185.87	76.00	77.00
289.03	185.87	76.00	77.00
289.03	189.94	76.00	77.00
289.03	189.94	76.00	77.00
289.03	189.94	76.00	77.00
290.03	190.94	74.00	75.00
290.03	190.94	74.00	75.00
292.01	190.94	74.00	75.00
292.01	190.94	74.00	75.00
292.01	190.94	74.00	75.00
292.01	190.94	74.00	75.00
292.01	190.94	74.00	75.00
292.01	190.94	74.00	75.00
292.01	190.94	74.00	75.00
294.97	189.94	76.00	77.00
294.97	189.94	76.00	77.00
294.97	189.94	76.00	77.00
294.97	189.94	76.00	77.00
294.97	189.94	76.00	77.00
294.97	189.94	76.00	77.00
294.97	189.94	76.00	77.00
294.97	189.94	76.00	77.00
294.97	189.94	76.00	77.00
294.97	189.94	76.00	77.00
294.97	189.94	76.00	77.00
294.97	189.94	76.00	77.00
294.97	189.94	76.00	77.00
293.96	189.94	76.00	77.00
293.96	194.01	76.00	77.00
293.96	194.01	76.00	77.00
293.96	194.01	76.00	77.00
293.96	194.01	76.00	77.00
293.96	194.01	76.00	77.00
293.96	194.01	76.00	77.00
293.96	194.01	76.00	77.00
294.97	189.94	76.00	77.00
294.97	189.94	76.00	77.00
294.97	189.94	76.00	77.00
294.97	189.94	76.00	77.00
294.97	189.94	76.00	77.00
294.97	189.94	76.00	77.00
294.97	189.94	76.00	77.00
295.97	190.94	74.00	75.00
295.97	190.94	74.00	75.00
295.97	190.94	74.00	75.00
295.97	190.94	74.00	75.00
296.97	186.98	73.00	74.00
296.97	186.98	73.00	74.00
296.97	186.98	73.00	74.00
296.97	186.98	73.00	74.00
296.97	186.98	73.00	74.00
296.97	186.98	73.00	74.00
295.97	186.98	74.00	75.00
295.97	186.98	74.00	75.00
295.97	186.98	74.00	75.00
294.97	189.94	76.00	77.00
294.97	189.94	76.00	77.00
297.01	188.94	77.00	79.00
297.01	188.94	77.00	79.00
297.01	188.94	77.00	79.00
297.01	193.10	77.00	79.00
297.01	193.10	77.00	79.00
297.01	193.10	77.00	79.00
297.01	193.10	77.00	79.00
292.85	194.10	76.00	77.00
292.85	194.10	76.00	77.00
292.85	194.10	76.00	77.00
293.85	191.03	74.00	75.00
290.89	191.03	73.00	74.00
290.89	191.03	73.00	74.00
289.89	191.03	74.00	75.00
289.89	187.07	74.00	75.00
286.93	187.07	73.00	74.00
286.93	187.07	73.00	74.00
286.93	183.14	73.00	74.00
286.93	183.14	73.00	74.00
286.93	179.21	73.00	74.00
286.93	175.27	73.00	74.00
286.93	175.27	73.00	74.00
286.93	175.27	73.00	74.00
286.93	171.34	73.00	74.00
286.93	171.34	73.00	74.00
286.93	171.34	73.00	74.00
286.93	171.34	73.00	74.00
286.93	171.34	73.00	74.00
286.93	172.34	72.00	73.00
287.93	169.49	70.00	71.00
291.67	169.49	70.00	71.00
291.67	169.49	70.00	71.00
291.67	169.49	70.00	71.00
291.67	169.49	70.00	71.00
290.67	168.49	72.00	73.00
291.67	165.63	70.00	71.00
290.67	164.63	72.00	73.00
290.67	164.63	72.00	73.00
290.67	164.63	72.00	73.00
290.67	164.63	72.00	73.00
290.67	164.63	72.00	73.00
290.67	168.49	72.00	73.00
294.53	167.49	73.00	74.00
294.53	167.49	73.00	74.00
292.54	171.42	74.00	75.00
292.54	171.42	74.00	75.00
292.54	171.42	74.00	75.00
292.54	171.42	74.00	75.00
292.54	171.42	74.00	75.00
289.58	171.42	73.00	74.00
292.52	171.42	74.00	75.00
289.56	171.42	73.00	74.00
293.49	171.42	73.00	74.00
293.49	171.42	73.00	74.00
293.49	171.42	73.00	74.00
293.49	172.42	72.00	73.00
294.49	170.53	70.00	71.00
295.49	170.53	69.00	70.00
296.49	171.53	67.00	68.00
296.49	171.53	67.00	68.00
299.10	170.53	69.00	70.00
299.10	170.53	69.00	70.00
299.10	170.53	69.00	70.00
299.10	166.81	69.00	70.00
301.82	166.81	70.00	71.00
301.82	166.81	70.00	71.00
305.57	166.81	70.00	71.00
305.57	166.81	70.00	71.00
309.32	166.81	70.00	71.00
309.32	166.81	70.00	71.00
313.06	165.87	70.00	71.00
313.06	165.87	70.00	71.00
315.81	164.87	72.00	73.00
315.81	164.87	72.00	73.00
315.81	164.87	72.00	73.00
315.81	164.87	72.00	73.00
315.81	164.87	72.00	73.00
319.66	163.87	73.00	74.00
318.66	159.94	74.00	75.00
318.66	159.94	74.00	75.00
318.66	159.94	74.00	75.00
318.66	159.94	74.00	75.00
314.70	159.94	74.00	75.00
314.70	159.94	74.00	75.00
314.70	159.94	74.00	75.00
314.70	159.94	74.00	75.00
314.70	159.94	74.00	75.00
311.74	159.94	73.00	74.00
311.74	159.94	73.00	74.00
311.74	159.94	73.00	74.00
311.74	159.94	73.00	74.00
311.74	159.94	73.00	74.00
311.74	159.94	73.00	74.00
307.81	160.94	72.00	73.00
307.81	160.94	72.00	73.00
307.81	160.94	72.00	73.00
303.96	160.94	72.00	73.00
303.96	160.94	72.00	73.00
300.10	163.83	72.00	73.00
300.10	163.83	72.00	73.00
300.10	162.83	73.00	74.00
296.17	162.83	73.00	74.00
296.17	162.83	73.00	74.00
292.24	163.83	72.00	73.00
292.24	163.83	72.00	73.00
292.24	166.68	73.00	74.00
288.30	166.68	73.00	74.00
288.30	166.68	73.00	74.00
284.37	167.68	72.00	73.00
284.37	167.68	72.00	73.00
280.52	171.54	72.00	73.00
280.52	171.54	72.00	73.00
276.66	171.54	72.00	73.00
276.66	173.46	72.00	73.00
273.81	174.46	70.00	71.00
272.81	177.21	72.00	73.00
272.81	177.21	72.00	73.00
272.81	177.21	72.00	73.00
269.96	178.21	70.00	71.00
269.96	178.21	70.00	71.00
269.96	179.15	70.00	71.00
269.96	179.15	70.00	71.00
269.96	179.15	70.00	71.00
269.96	179.15	70.00	71.00
269.96	179.15	70.00	71.00
269.96	179.15	70.00	71.00
271.83	179.15	70.00	71.00
271.83	179.15	70.00	71.00
271.83	179.15	70.00	71.00
272.83	179.15	69.00	70.00
277.55	180.15	67.00	68.00
277.55	181.15	66.00	67.00
278.55	181.15	65.00	66.00
278.55	182.15	64.00	64.00
279.55	183.15	62.00	63.00
279.55	183.15	62.00	63.00
282.87	183.15	62.00	63.00
286.19	180.66	62.00	63.00
289.51	180.66	62.00	63.00
292.83	180.66	62.00	63.00
296.98	180.66	62.00	63.00
301.13	180.66	62.00	63.00
305.28	182.32	62.00	63.00
309.43	182.32	62.00	63.00
313.58	185.64	62.00	63.00
316.90	185.64	62.00	63.00
320.22	188.96	62.00	63.00
323.54	188.96	62.00	63.00
323.54	188.96	62.00	63.00
326.86	188.96	62.00	63.00
330.18	188.96	62.00	63.00
330.18	188.96	62.00	63.00
330.18	188.96	62.00	63.00
333.50	188.96	62.00	63.00
333.50	185.64	62.00	63.00
333.50	185.64	62.00	63.00
333.50	182.32	62.00	63.00
332.50	181.32	64.00	64.00
332.50	177.90	64.00	64.00
329.09	177.90	64.00	64.00
329.09	177.90	64.00	64.00
329.09	174.49	64.00	64.00
329.09	177.90	64.00	64.00
329.09	177.90	64.00	64.00
329.09	177.90	64.00	64.00
329.09	177.90	64.00	64.00
329.09	177.90	64.00	64.00
325.67	177.90	64.00	64.00
325.67	177.90	64.00	64.00
321.41	176.20	64.00	64.00
317.99	172.78	64.00	64.00
317.99	169.37	64.00	64.00
317.99	165.96	64.00	64.00
314.58	164.96	65.00	66.00
313.58	160.57	66.00	67.00
313.58	156.04	67.00	68.00
313.58	152.43	67.00	68.00
317.19	151.52	67.00	68.00
317.19	147.91	67.00	68.00
317.19	147.91	67.00	68.00
317.19	147.91	67.00	68.00
317.19	144.30	67.00	68.00
320.81	144.30	67.00	68.00
320.81	144.30	67.00	68.00
320.81	144.30	67.00	68.00
320.81	143.39	67.00	68.00
320.81	143.39	67.00	68.00
320.81	143.39	67.00	68.00
320.81	143.39	67.00	68.00
319.00	143.39	67.00	68.00
319.00	143.39	67.00	68.00
319.00	143.39	67.00	68.00
319.00	143.39	67.00	68.00
319.00	143.39	67.00	68.00
319.00	143.39	67.00	68.00
319.00	143.39	67.00	68.00
319.00	143.39	67.00	68.00
319.00	147.01	67.00	68.00
321.61	146.01	69.00	70.00
321.61	149.73	69.00	70.00
321.61	149.73	69.00	70.00
321.61	153.45	69.00	70.00
321.61	157.17	69.00	70.00
321.61	160.89	69.00	70.00
321.61	160.89	69.00	70.00
321.61	160.89	69.00	70.00
321.61	160.89	69.00	70.00
321.61	157.17	69.00	70.00
317.89	160.89	69.00	70.00
317.89	160.89	69.00	70.00
317.89	160.89	69.00	70.00
317.89	160.89	69.00	70.00
318.89	165.61	67.00	68.00
322.51	165.61	67.00	68.00
322.51	169.22	67.00	68.00
322.51	172.83	67.00	68.00
322.51	173.83	66.00	67.00
322.51	177.37	66.00	67.00
319.97	177.37	65.00	66.00
322.60	177.37	65.00	66.00
322.60	177.37	65.00	66.00
319.10	181.87	64.00	64.00
319.10	181.87	64.00	64.00
319.10	181.87	64.00	64.00
316.68	185.43	62.00	63.00
316.68	185.43	62.00	63.00
316.68	185.43	62.00	63.00
316.68	185.43	62.00	63.00
313.36	185.43	62.00	63.00
313.36	182.11	62.00	63.00
313.36	178.79	62.00	63.00
313.36	178.79	62.00	63.00
310.04	178.79	62.00	63.00
310.04	175.47	62.00	63.00
306.72	175.47	62.00	63.00
306.72	172.98	62.00	63.00
303.40	172.98	62.00	63.00
303.40	172.98	62.00	63.00
303.40	169.66	62.00	63.00
300.08	169.66	62.00	63.00
300.08	169.66	62.00	63.00
300.08	169.66	62.00	63.00
300.08	166.34	62.00	63.00
296.76	166.34	62.00	63.00
296.76	163.02	62.00	63.00
296.76	163.02	62.00	63.00
296.76	159.70	62.00	63.00
293.44	159.70	62.00	63.00
293.44	159.70	62.00	63.00
293.44	159.70	62.00	63.00
293.44	159.70	62.00	63.00
293.44	159.70	62.00	63.00
293.44	159.70	62.00	63.00
293.44	159.70	62.00	63.00
290.12	159.70	62.00	63.00
290.12	159.70	62.00	63.00
290.12	159.70	62.00	63.00
290.12	159.70	62.00	63.00
290.12	159.70	62.00	63.00
290.12	159.70	62.00	63.00
290.12	159.70	62.00	63.00
289.12	158.70	64.00	64.00
285.71	158.70	64.00	64.00
285.71	158.70	64.00	64.00
285.71	157.70	65.00	66.00
282.20	157.70	65.00	66.00
282.20	157.70	65.00	66.00
282.20	157.70	65.00	66.00
282.20	157.70	65.00	66.00
282.20	157.70	65.00	66.00
278.70	157.70	65.00	66.00
278.70	157.70	65.00	66.00
278.70	161.21	65.00	66.00
278.70	161.21	65.00	66.00
278.70	162.96	65.00	66.00
278.70	162.96	65.00	66.00
278.70	163.84	65.00	66.00
278.70	163.84	65.00	66.00
278.70	163.84	65.00	66.00
278.70	163.84	65.00	66.00
280.45	163.84	65.00	66.00
280.45	161.33	64.00	64.00
280.45	161.33	64.00	64.00
280.45	161.33	64.00	64.00
281.45	158.92	62.00	63.00
284.77	158.92	62.00	63.00
285.77	155.60	61.00	62.00
285.77	153.31	60.00	61.00
285.77	153.31	60.00	61.00
288.98	150.09	60.00	61.00
288.98	150.09	60.00	61.00
288.98	146.88	60.00	61.00
289.79	146.88	60.00	61.00
290.79	143.67	59.00	60.00
293.97	142.87	59.00	60.00
293.97	139.68	59.00	60.00
295.57	139.68	59.00	60.00
295.57	139.68	59.00	60.00
295.57	139.68	59.00	60.00
295.57	139.68	59.00	60.00
298.75	139.68	59.00	60.00
298.75	139.68	59.00	60.00
298.75	139.68	59.00	60.00
295.57	139.68	59.00	60.00
295.57	139.68	59.00	60.00
295.57	139.68	59.00	60.00
295.57	139.68	59.00	60.00
294.57	139.68	60.00	61.00
294.57	139.68	60.00	61.00
294.57	139.68	60.00	61.00
294.57	138.68	61.00	62.00
296.86	138.68	62.00	63.00
296.86	138.68	62.00	63.00
296.86	138.68	62.00	63.00
296.86	138.68	62.00	63.00
296.86	138.68	62.00	63.00
296.86	142.00	62.00	63.00
295.03	141.00	64.00	64.00
295.03	141.00	64.00	64.00
295.03	142.71	64.00	64.00
295.03	142.71	64.00	64.00
295.03	146.12	64.00	64.00
295.03	146.12	64.00	64.00
297.59	146.12	64.00	64.00
297.59	146.12	64.00	64.00
297.59	146.12	64.00	64.00
297.59	146.12	64.00	64.00
297.59	146.12	64.00	64.00
297.59	146.12	64.00	64.00
297.59	146.12	64.00	64.00
297.59	146.12	64.00	64.00
297.59	146.12	64.00	64.00
297.59	146.12	64.00	64.00
297.59	146.12	64.00	64.00
297.59	146.12	64.00	64.00
297.59	146.12	64.00	64.00
297.59	142.71	64.00	64.00
297.59	142.71	64.00	64.00
297.59	139.30	64.00	64.00
297.59	138.30	65.00	66.00
297.59	134.79	65.00	66.00
296.59	131.28	66.00	67.00
293.06	131.28	66.00	67.00
296.59	126.87	66.00	67.00
296.59	126.87	66.00	67.00
296.59	123.33	66.00	67.00
296.59	123.33	66.00	67.00
296.59	123.33	66.00	67.00
296.59	123.33	66.00	67.00
300.12	123.33	66.00	67.00
300.12	123.33	66.00	67.00
300.12	123.33	66.00	67.00
300.12	123.33	66.00	67.00
300.12	123.33	66.00	67.00
298.36	123.33	66.00	67.00
298.36	123.33	66.00	67.00
295.71	125.87	67.00	68.00
294.71	124.87	69.00	70.00
294.71	124.87	69.00	70.00
294.71	128.59	69.00	70.00
294.71	128.59	69.00	70.00
294.71	132.31	69.00	70.00
294.71	132.31	69.00	70.00
294.71	136.03	69.00	70.00
294.71	139.75	69.00	70.00
294.71	143.47	69.00	70.00
294.71	148.12	69.00	70.00
294.71	151.84	69.00	70.00
295.71	152.84	67.00	68.00
295.71	156.45	67.00	68.00
295.71	156.45	67.00	68.00
295.71	156.45	67.00	68.00
295.71	160.06	67.00	68.00
295.71	161.06	66.00	67.00
292.17	164.60	66.00	67.00
292.17	168.13	66.00	67.00
292.17	168.13	66.00	67.00
292.17	168.13	66.00	67.00
289.52	168.13	66.00	67.00
289.52	169.01	66.00	67.00
289.52	169.01	66.00	67.00
285.99	169.01	66.00	67.00
285.99	170.78	66.00	67.00
285.99	170.78	66.00	67.00
285.99	170.78	66.00	67.00
288.64	170.78	66.00	67.00
288.64	170.78	66.00	67.00
288.64	170.78	66.00	67.00
288.64	170.78	66.00	67.00
288.64	170.78	66.00	67.00
288.64	169.78	67.00	68.00
288.64	169.78	67.00	68.00
288.64	169.78	67.00	68.00
288.64	173.39	67.00	68.00
288.64	173.39	67.00	68.00
288.64	177.01	67.00	68.00
288.64	177.01	67.00	68.00
288.64	180.62	67.00	68.00
288.64	180.62	67.00	68.00
285.03	184.23	67.00	68.00
285.03	184.23	67.00	68.00
285.03	187.85	67.00	68.00
285.03	187.85	67.00	68.00
285.03	187.85	67.00	68.00
285.03	187.85	67.00	68.00
284.03	190.46	69.00	70.00
284.03	190.46	69.00	70.00
284.03	190.46	69.00	70.00
283.03	193.25	70.00	71.00
282.03	192.25	72.00	73.00
282.03	192.25	72.00	73.00
282.03	191.25	73.00	74.00
282.03	191.25	73.00	74.00
281.03	191.25	74.00	75.00
282.03	187.29	73.00	74.00
284.98	187.29	73.00	74.00
283.98	190.24	74.00	75.00
282.98	189.24	76.00	77.00
287.04	188.24	77.00	79.00
286.04	187.24	79.00	80.00
286.04	187.24	79.00	80.00
285.04	186.24	81.00	82.00
285.04	186.24	81.00	82.00
289.40	186.24	81.00	82.00
289.40	187.33	81.00	82.00
289.40	187.33	81.00	82.00
289.40	191.69	81.00	82.00
289.40	191.69	81.00	82.00
293.76	191.69	81.00	82.00
293.76	191.69	81.00	82.00
293.76	191.69	81.00	82.00
293.76	187.33	81.00	82.00
298.12	187.33	81.00	82.00
298.12	187.33	81.00	82.00
298.12	187.33	81.00	82.00
298.12	187.33	81.00	82.00
298.12	182.97	81.00	82.00
298.12	182.97	81.00	82.00
298.12	178.61	81.00	82.00
298.12	178.61	81.00	82.00
298.12	174.25	81.00	82.00
298.12	174.25	81.00	82.00
298.12	169.89	81.00	82.00
298.12	165.53	81.00	82.00
298.12	165.53	81.00	82.00
293.76	161.17	81.00	82.00
293.76	161.17	81.00	82.00
294.76	157.81	79.00	80.00
295.76	158.81	77.00	79.00
295.76	158.81	77.00	79.00
295.76	155.69	77.00	79.00
295.76	155.69	77.00	79.00
295.76	155.69	77.00	79.00
295.76	155.69	77.00	79.00
295.76	155.69	77.00	79.00
295.76	154.65	77.00	79.00
295.76	154.65	77.00	79.00
294.72	154.65	77.00	79.00
294.72	151.49	76.00	77.00
291.66	152.49	74.00	75.00
291.66	152.49	74.00	75.00
291.66	152.49	74.00	75.00
291.66	152.49	74.00	75.00
291.66	152.49	74.00	75.00
291.66	152.49	74.00	75.00
291.66	152.49	74.00	75.00
291.66	152.49	74.00	75.00
291.66	152.49	74.00	75.00
287.70	152.49	74.00	75.00
287.70	152.49	74.00	75.00
287.70	152.49	74.00	75.00
287.70	152.49	74.00	75.00
287.70	149.52	74.00	75.00
284.74	149.52	73.00	74.00
284.74	145.59	73.00	74.00
284.74	145.59	73.00	74.00
284.74	145.59	73.00	74.00
284.74	141.65	73.00	74.00
284.74	141.65	73.00	74.00
284.74	141.65	73.00	74.00
284.74	141.65	73.00	74.00
284.74	141.65	73.00	74.00
284.74	141.65	73.00	74.00
280.80	145.59	73.00	74.00
280.80	145.59	73.00	74.00
280.80	145.59	73.00	74.00
280.80	145.59	73.00	74.00
280.80	141.65	73.00	74.00
280.80	141.65	73.00	74.00
280.80	137.72	73.00	74.00
280.80	137.72	73.00	74.00
284.74	137.72	73.00	74.00
284.74	136.74	73.00	74.00
287.67	135.75	74.00	75.00
286.67	133.76	76.00	77.00
286.67	129.70	76.00	77.00
286.67	129.70	76.00	77.00
286.67	126.65	76.00	77.00
286.67	126.65	76.00	77.00
286.67	126.65	76.00	77.00
286.67	122.58	76.00	77.00
287.69	122.58	76.00	77.00
287.69	122.58	76.00	77.00
287.69	122.58	76.00	77.00
291.75	118.51	76.00	77.00
291.75	118.51	76.00	77.00
291.75	118.51	76.00	77.00
295.82	118.51	76.00	77.00
295.82	118.51	76.00	77.00
295.82	118.51	76.00	77.00
295.82	118.51	76.00	77.00
295.82	118.51	76.00	77.00
295.82	118.51	76.00	77.00
295.82	118.51	76.00	77.00
295.82	118.51	76.00	77.00
295.82	118.51	76.00	77.00
295.82	118.51	76.00	77.00
295.82	118.51	76.00	77.00
295.82	118.51	76.00	77.00
295.82	118.51	76.00	77.00
295.82	118.51	76.00	77.00
295.82	118.51	76.00	77.00
295.82	122.58	76.00	77.00
291.75	122.58	76.00	77.00
291.75	125.65	77.00	79.00
291.75	125.65	77.00	79.00
291.75	125.65	77.00	79.00
291.75	125.65	77.00	79.00
287.59	125.65	77.00	79.00
287.59	127.73	77.00	79.00
287.59	127.73	77.00	79.00
287.59	127.73	77.00	79.00
287.59	131.89	77.00	79.00
287.59	131.89	77.00	79.00
283.43	131.89	77.00	79.00
283.43	136.05	77.00	79.00
283.43	136.05	77.00	79.00
283.43	136.05	77.00	79.00
281.35	140.21	77.00	79.00
281.35	141.25	77.00	79.00
281.35	145.41	77.00	79.00
277.19	146.41	76.00	77.00
278.19	151.47	74.00	75.00
278.19	151.47	74.00	75.00
278.19	151.47	74.00	75.00
279.19	155.43	73.00	74.00
279.19	155.43	73.00	74.00
275.26	160.37	72.00	73.00
276.26	161.37	70.00	71.00
277.26	165.11	69.00	70.00
278.26	166.11	67.00	68.00
278.26	166.11	67.00	68.00
278.26	166.11	67.00	68.00
278.26	166.11	67.00	68.00
278.26	166.11	67.00	68.00
278.26	166.11	67.00	68.00
278.26	166.11	67.00	68.00
278.26	166.11	67.00	68.00
278.26	166.11	67.00	68.00
281.87	169.73	67.00	68.00
281.87	169.73	67.00	68.00
285.49	169.73	67.00	68.00
285.49	169.73	67.00	68.00
285.49	169.73	67.00	68.00
289.10	169.73	67.00	68.00
289.10	173.34	67.00	68.00
289.10	173.34	67.00	68.00
292.71	173.34	67.00	68.00
292.71	173.34	67.00	68.00
294.52	169.73	67.00	68.00
294.52	169.73	67.00	68.00
298.13	169.73	67.00	68.00
297.13	168.73	69.00	70.00
297.13	168.73	69.00	70.00
299.85	168.73	70.00	71.00
299.85	168.73	70.00	71.00
302.60	171.47	72.00	73.00
302.60	171.47	72.00	73.00
306.45	170.47	73.00	74.00
305.45	170.47	74.00	75.00
304.45	169.47	76.00	77.00
308.52	167.44	76.00	77.00
304.45	166.44	77.00	79.00
304.45	162.28	77.00	79.00
303.45	161.28	79.00	80.00
303.45	161.28	79.00	80.00
303.45	161.28	79.00	80.00
303.45	161.28	79.00	80.00
303.45	161.28	79.00	80.00
303.45	161.28	79.00	80.00
303.45	165.53	79.00	80.00
305.58	165.53	79.00	80.00
305.58	165.53	79.00	80.00
305.58	169.79	79.00	80.00
305.58	169.79	79.00	80.00
305.58	174.04	79.00	80.00
309.83	174.04	79.00	80.00
309.83	174.04	79.00	80.00
309.83	174.04	79.00	80.00
309.83	174.04	79.00	80.00
309.83	174.04	79.00	80.00
309.83	174.04	79.00	80.00
309.83	174.04	79.00	80.00
309.83	174.04	79.00	80.00
309.83	174.04	79.00	80.00
309.83	174.04	79.00	80.00
309.83	174.04	79.00	80.00
309.83	178.29	79.00	80.00
309.83	178.29	79.00	80.00
309.83	178.29	79.00	80.00
309.83	178.29	79.00	80.00
309.83	178.29	79.00	80.00
309.83	174.04	79.00	80.00
309.83	174.04	79.00	80.00
309.83	174.04	79.00	80.00
309.83	174.04	79.00	80.00
310.83	175.04	77.00	79.00
310.83	175.04	77.00	79.00
310.83	175.04	77.00	79.00
310.83	170.88	77.00	79.00
310.83	170.88	77.00	79.00
310.83	166.72	77.00	79.00
310.83	166.72	77.00	79.00
310.83	166.72	77.00	79.00
310.83	162.56	77.00	79.00
310.83	158.40	77.00	79.00
310.83	154.24	77.00	79.00
310.83	154.24	77.00	79.00
310.83	151.08	76.00	77.00
310.83	151.08	76.00	77.00
310.83	147.01	76.00	77.00
310.83	147.01	76.00	77.00
311.83	145.98	74.00	75.00
311.83	145.98	74.00	75.00
311.83	145.98	74.00	75.00
311.83	145.98	74.00	75.00
312.83	142.02	73.00	74.00
312.83	142.02	73.00	74.00
312.83	142.02	73.00	74.00
312.83	138.09	73.00	74.00
311.85	138.09	73.00	74.00
311.85	134.15	73.00	74.00
311.85	131.22	72.00	73.00
309.00	128.37	70.00	71.00
309.00	124.62	70.00	71.00
310.00	124.62	69.00	70.00
310.00	119.97	69.00	70.00
310.00	119.97	69.00	70.00
310.00	116.25	69.00	70.00
313.72	116.25	69.00	70.00
313.72	116.25	69.00	70.00
314.72	117.25	67.00	68.00
318.33	117.25	67.00	68.00
318.33	117.25	67.00	68.00
318.33	117.25	67.00	68.00
314.72	114.64	66.00	67.00
314.72	114.64	66.00	67.00
318.25	114.64	66.00	67.00
318.25	114.64	66.00	67.00
320.02	111.10	66.00	67.00
324.55	111.10	65.00	66.00
324.55	108.60	64.00	64.00
324.55	108.60	64.00	64.00
324.55	108.60	64.00	64.00
325.55	109.60	62.00	63.00
328.87	109.60	62.00	63.00
328.87	109.60	62.00	63.00
328.87	109.60	62.00	63.00
328.87	109.60	62.00	63.00
328.87	109.60	62.00	63.00
328.87	109.60	62.00	63.00
328.87	106.28	62.00	63.00
328.87	106.28	62.00	63.00
328.87	106.28	62.00	63.00
328.87	106.28	62.00	63.00
328.87	109.60	62.00	63.00
328.87	109.60	62.00	63.00
328.87	109.60	62.00	63.00
328.87	109.60	62.00	63.00
332.19	109.60	62.00	63.00
332.19	106.28	62.00	63.00
333.19	102.96	61.00	62.00
333.19	103.96	60.00	61.00
334.19	103.96	59.00	60.00
334.19	100.77	59.00	60.00
334.19	100.77	59.00	60.00
334.19	100.77	59.00	60.00
334.19	100.77	59.00	60.00
334.19	100.77	59.00	60.00
334.19	101.77	58.00	58.00
334.19	104.86	58.00	58.00
334.19	104.86	58.00	58.00
334.19	101.77	58.00	58.00
334.19	101.77	58.00	58.00
334.19	101.77	58.00	58.00
335.74	98.68	58.00	58.00
335.74	98.68	58.00	58.00
335.74	95.58	58.00	58.00
338.83	94.58	59.00	60.00
339.63	91.40	59.00	60.00
342.81	91.40	59.00	60.00
342.81	91.40	59.00	60.00
342.81	91.40	59.00	60.00
346.00	91.40	59.00	60.00
346.00	88.21	59.00	60.00
346.00	88.21	59.00	60.00
346.00	88.21	59.00	60.00
346.00	88.21	59.00	60.00
349.19	88.21	59.00	60.00
346.00	89.21	58.00	58.00
346.00	89.21	58.00	58.00
346.00	92.30	58.00	58.00
346.00	92.30	58.00	58.00
346.00	92.30	58.00	58.00
342.91	92.30	58.00	58.00
342.91	94.40	59.00	60.00
342.91	94.40	59.00	60.00
341.91	94.40	60.00	61.00
341.91	94.40	60.00	61.00
341.91	93.40	61.00	62.00
341.91	93.40	61.00	62.00
341.91	90.10	61.00	62.00
340.91	90.10	62.00	63.00
339.91	89.10	64.00	64.00
336.49	85.69	64.00	64.00
336.49	85.69	64.00	64.00
336.49	84.69	65.00	66.00
335.49	84.69	66.00	67.00
335.49	81.92	67.00	68.00
332.78	81.92	67.00	68.00
332.78	81.92	67.00	68.00
331.78	80.92	69.00	70.00
330.78	80.92	70.00	71.00
327.04	80.92	70.00	71.00
326.04	79.92	72.00	73.00
322.18	79.92	72.00	73.00
322.18	78.92	73.00	74.00
318.25	74.99	73.00	74.00
318.25	74.99	73.00	74.00
314.32	78.92	73.00	74.00
314.32	78.92	73.00	74.00
314.32	78.92	73.00	74.00
310.38	78.92	73.00	74.00
310.38	82.86	73.00	74.00
306.45	82.86	73.00	74.00
306.45	86.79	73.00	74.00
302.52	86.79	73.00	74.00
302.52	86.79	73.00	74.00
302.52	88.76	73.00	74.00
302.52	88.76	73.00	74.00
298.58	92.69	73.00	74.00
298.58	92.69	73.00	74.00
298.58	92.69	73.00	74.00
298.58	92.69	73.00	74.00
298.58	92.69	73.00	74.00
298.58	96.62	73.00	74.00
298.58	96.62	73.00	74.00
298.58	96.62	73.00	74.00
297.60	96.62	73.00	74.00
297.60	96.62	73.00	74.00
297.60	96.62	73.00	74.00
294.65	100.56	73.00	74.00
294.65	100.56	73.00	74.00
294.65	100.56	73.00	74.00
294.65	104.49	73.00	74.00
294.65	104.49	73.00	74.00
290.72	104.49	73.00	74.00
290.72	104.49	73.00	74.00
290.72	104.49	73.00	74.00
290.72	105.47	73.00	74.00
286.78	109.41	73.00	74.00
286.78	110.41	72.00	73.00
286.78	114.26	72.00	73.00
283.93	115.26	70.00	71.00
283.93	119.01	70.00	71.00
283.93	122.75	70.00	71.00
283.93	126.50	70.00	71.00
283.93	130.25	70.00	71.00
283.93	130.25	70.00	71.00
283.93	133.99	70.00	71.00
280.18	133.99	70.00	71.00
280.18	133.99	70.00	71.00
280.18	137.74	70.00	71.00
280.18	137.74	70.00	71.00
280.18	133.99	70.00	71.00
276.44	133.99	70.00	71.00
277.44	133.99	69.00	70.00
278.44	134.99	67.00	68.00
278.44	131.38	67.00	68.00
278.44	131.38	67.00	68.00
274.82	132.38	66.00	67.00
274.82	132.38	66.00	67.00
274.82	132.38	66.00	67.00
274.82	132.38	66.00	67.00
274.82	132.38	66.00	67.00
274.82	133.26	66.00	67.00
276.59	136.80	66.00	67.00
276.59	136.80	66.00	67.00
276.59	140.33	66.00	67.00
276.59	140.33	66.00	67.00
276.59	140.33	66.00	67.00
276.59	140.33	66.00	67.00
276.59	136.80	66.00	67.00
276.59	135.80	67.00	68.00
276.59	132.18	67.00	68.00
275.59	131.18	69.00	70.00
274.59	131.18	70.00	71.00
274.59	127.44	70.00	71.00
274.59	127.44	70.00	71.00
273.59	126.44	72.00	73.00
273.59	126.44	72.00	73.00
273.59	126.44	72.00	73.00
273.59	126.44	72.00	73.00
277.44	125.44	73.00	74.00
277.44	125.44	73.00	74.00
277.44	125.44	73.00	74.00
277.44	121.50	73.00	74.00
281.38	121.50	73.00	74.00
281.38	118.55	73.00	74.00
281.38	118.55	73.00	74.00
281.38	117.57	73.00	74.00
283.33	117.57	74.00	75.00
282.33	116.57	76.00	77.00
282.33	116.57	76.00	77.00
282.33	114.54	76.00	77.00
286.39	114.54	76.00	77.00
286.39	118.60	76.00	77.00
286.39	118.60	76.00	77.00
286.39	118.60	76.00	77.00
286.39	118.60	76.00	77.00
286.39	118.60	76.00	77.00
290.46	118.60	76.00	77.00
290.46	118.60	76.00	77.00
290.46	118.60	76.00	77.00
290.46	114.54	76.00	77.00
290.46	114.54	76.00	77.00
291.48	114.54	76.00	77.00
291.48	110.47	76.00	77.00
295.54	110.47	76.00	77.00
291.48	110.47	76.00	77.00
295.54	110.47	76.00	77.00
294.53	110.47	76.00	77.00
294.53	108.44	76.00	77.00
294.53	108.44	76.00	77.00
294.53	108.44	76.00	77.00
294.53	104.37	76.00	77.00
294.53	104.37	76.00	77.00
294.53	100.30	76.00	77.00
294.53	100.30	76.00	77.00
297.58	100.30	76.00	77.00
297.58	98.27	76.00	77.00
297.58	98.27	76.00	77.00
297.58	98.27	76.00	77.00
297.58	94.20	76.00	77.00
297.58	94.20	76.00	77.00
297.58	94.20	76.00	77.00
297.58	94.20	76.00	77.00
297.58	92.17	76.00	77.00
297.58	92.17	76.00	77.00
297.58	92.17	76.00	77.00
299.61	92.17	76.00	77.00
299.61	92.17	76.00	77.00
299.61	92.17	76.00	77.00
303.68	92.17	76.00	77.00
303.68	91.15	76.00	77.00
303.68	91.15	76.00	77.00
303.68	91.15	76.00	77.00
303.68	91.15	76.00	77.00
303.68	91.15	76.00	77.00
303.68	91.15	76.00	77.00
303.68	89.12	76.00	77.00
303.68	89.12	76.00	77.00
303.68	89.12	76.00	77.00
307.74	92.17	76.00	77.00
307.74	92.17	76.00	77.00
307.74	95.22	76.00	77.00
311.81	95.22	76.00	77.00
311.81	95.22	76.00	77.00
311.81	96.24	76.00	77.00
311.81	96.24	76.00	77.00
311.81	99.30	77.00	79.00
311.81	99.30	77.00	79.00
311.81	99.30	77.00	79.00
311.81	99.30	77.00	79.00
311.81	101.38	77.00	79.00
311.81	101.38	77.00	79.00
311.81	101.38	77.00	79.00
311.81	101.38	77.00	79.00
311.81	101.38	77.00	79.00
310.81	100.38	79.00	80.00
306.56	100.38	79.00	80.00
306.56	100.38	79.00	80.00
306.56	100.38	79.00	80.00
306.56	100.38	79.00	80.00
304.43	100.38	79.00	80.00
304.43	100.38	79.00	80.00
304.43	100.38	79.00	80.00
300.18	100.38	79.00	80.00
300.18	100.38	79.00	80.00
300.18	96.13	79.00	80.00
298.05	96.13	79.00	80.00
298.05	96.13	79.00	80.00
298.05	96.13	79.00	80.00
298.05	96.13	79.00	80.00
298.05	96.13	79.00	80.00
298.05	96.13	79.00	80.00
298.05	100.38	79.00	80.00
298.05	100.38	79.00	80.00
298.05	100.38	79.00	80.00
298.05	100.38	79.00	80.00
298.05	101.45	79.00	80.00
293.80	104.64	79.00	80.00
293.80	104.64	79.00	80.00
293.80	104.64	79.00	80.00
293.80	104.64	79.00	80.00
293.80	104.64	79.00	80.00
293.80	104.64	79.00	80.00
298.05	104.64	79.00	80.00
298.05	104.64	79.00	80.00
298.05	104.64	79.00	80.00
298.05	108.89	79.00	80.00
298.05	108.89	79.00	80.00
298.05	108.89	79.00	80.00
298.05	108.89	79.00	80.00
293.80	108.89	79.00	80.00
298.05	108.89	79.00	80.00
298.05	108.89	79.00	80.00
298.05	108.89	79.00	80.00
298.05	108.89	79.00	80.00
298.05	108.89	79.00	80.00
298.05	108.89	79.00	80.00
298.05	108.89	79.00	80.00
298.05	108.89	79.00	80.00
298.05	113.14	79.00	80.00
298.05	113.14	79.00	80.00
298.05	113.14	79.00	80.00
298.05	113.14	79.00	80.00
298.05	113.14	79.00	80.00
298.05	113.14	79.00	80.00
298.05	113.14	79.00	80.00
298.05	113.14	79.00	80.00
298.05	113.14	79.00	80.00
298.05	113.14	79.00	80.00
298.05	113.14	79.00	80.00
298.05	113.14	79.00	80.00
298.05	113.14	79.00	80.00
298.05	113.14	79.00	80.00
298.05	113.14	79.00	80.00
298.05	113.14	79.00	80.00
298.05	113.14	79.00	80.00
298.05	113.14	79.00	80.00
300.18	113.14	79.00	80.00
300.18	117.40	79.00	80.00
300.18	117.40	79.00	80.00
300.18	117.40	79.00	80.00
304.43	121.65	79.00	80.00
304.43	121.65	79.00	80.00
304.43	121.65	79.00	80.00
305.43	122.65	77.00	79.00
305.43	122.65	77.00	79.00
305.43	123.65	76.00	77.00
306.43	128.72	74.00	75.00
310.39	128.72	74.00	75.00
310.39	128.72	74.00	75.00
310.39	128.72	74.00	75.00
310.39	128.72	74.00	75.00
311.39	128.72	73.00	74.00
311.39	128.72	73.00	74.00
314.34	128.72	73.00	74.00
314.34	128.72	73.00	74.00
314.34	128.72	73.00	74.00
314.34	129.72	72.00	73.00
314.34	129.72	72.00	73.00
314.34	133.57	72.00	73.00
314.34	133.57	72.00	73.00
314.34	133.57	72.00	73.00
310.49	133.57	72.00	73.00
310.49	137.42	72.00	73.00
310.49	136.42	73.00	74.00
310.49	136.42	73.00	74.00
309.49	140.36	74.00	75.00
309.49	140.36	74.00	75.00
308.49	143.32	76.00	77.00
308.49	143.32	76.00	77.00
308.49	143.32	76.00	77.00
308.49	143.32	76.00	77.00
312.55	146.38	77.00	79.00
312.55	146.38	77.00	79.00
312.55	146.38	77.00	79.00
312.55	146.38	77.00	79.00
312.55	146.38	77.00	79.00
312.55	145.34	77.00	79.00
312.55	145.34	77.00	79.00
308.39	145.34	77.00	79.00
308.39	145.34	77.00	79.00
308.39	145.34	77.00	79.00
306.31	145.34	77.00	79.00
306.31	145.34	77.00	79.00
306.31	149.50	77.00	79.00
302.15	153.66	77.00	79.00
302.15	154.66	76.00	77.00
306.22	157.73	77.00	79.00
306.22	161.89	77.00	79.00
306.22	161.89	77.00	79.00
306.22	161.89	77.00	79.00
306.22	166.05	77.00	79.00
306.22	166.05	77.00	79.00
306.22	166.05	77.00	79.00
306.22	166.05	77.00	79.00
306.22	166.05	77.00	79.00
306.22	161.89	77.00	79.00
306.22	161.89	77.00	79.00
306.22	161.89	77.00	79.00
306.22	161.89	77.00	79.00
306.22	161.89	77.00	79.00
306.22	158.73	76.00	77.00
310.29	157.73	77.00	79.00
310.29	157.73	77.00	79.00
310.29	153.57	77.00	79.00
310.29	149.41	77.00	79.00
310.29	145.25	77.00	79.00
313.45	144.25	79.00	80.00
313.45	140.00	79.00	80.00
314.45	136.74	77.00	79.00
313.45	135.74	79.00	80.00
313.45	131.49	79.00	80.00
313.45	131.49	79.00	80.00
309.19	127.24	79.00	80.00
304.94	127.24	79.00	80.00
304.94	127.24	79.00	80.00
303.94	121.98	81.00	82.00
299.58	121.98	81.00	82.00
299.58	121.98	81.00	82.00
295.22	121.98	81.00	82.00
295.22	121.98	81.00	82.00
295.22	121.98	81.00	82.00
294.22	126.34	82.00	83.00
293.22	125.34	84.00	85.00
289.73	126.34	82.00	83.00
289.73	126.34	82.00	83.00
289.73	126.34	82.00	83.00
289.73	126.34	82.00	83.00
289.73	126.34	82.00	83.00
289.73	126.34	82.00	83.00
289.73	126.34	82.00	83.00
289.73	126.34	82.00	83.00
289.73	126.34	82.00	83.00
289.73	126.34	82.00	83.00
289.73	126.34	82.00	83.00
289.73	126.34	82.00	83.00
289.73	126.34	82.00	83.00
290.73	121.96	81.00	82.00
294.09	121.96	82.00	83.00
294.09	121.96	82.00	83.00
294.09	121.96	82.00	83.00
294.09	121.96	82.00	83.00
294.09	121.96	82.00	83.00
294.09	117.57	82.00	83.00
294.09	117.57	82.00	83.00
294.09	117.57	82.00	83.00
294.09	117.57	82.00	83.00
294.09	117.57	82.00	83.00
294.09	117.57	82.00	83.00
294.09	117.57	82.00	83.00
294.09	117.57	82.00	83.00
294.09	117.57	82.00	83.00
294.09	117.57	82.00	83.00
294.09	117.57	82.00	83.00
298.47	117.57	82.00	83.00
298.47	117.57	82.00	83.00
297.47	116.57	84.00	85.00
297.47	116.57	84.00	85.00
297.47	116.57	84.00	85.00
296.35	116.57	84.00	85.00
296.35	121.06	84.00	85.00
296.35	121.06	84.00	85.00
292.86	122.06	82.00	83.00
292.86	122.06	82.00	83.00
292.86	126.45	82.00	83.00
292.86	126.45	82.00	83.00
292.86	126.45	82.00	83.00
292.86	130.84	82.00	83.00
292.86	130.84	82.00	83.00
292.86	130.84	82.00	83.00
292.86	130.84	82.00	83.00
292.86	130.84	82.00	83.00
292.86	130.84	82.00	83.00
296.24	129.84	84.00	85.00
296.24	129.84	84.00	85.00
296.24	129.84	84.00	85.00
296.24	129.84	84.00	85.00
296.24	129.84	84.00	85.00
300.74	129.84	84.00	85.00
301.74	126.34	82.00	83.00
301.74	126.34	82.00	83.00
301.74	126.34	82.00	83.00
301.74	126.34	82.00	83.00
301.74	126.34	82.00	83.00
301.74	126.34	82.00	83.00
305.12	125.34	84.00	85.00
305.12	125.34	84.00	85.00
305.12	125.34	84.00	85.00
305.12	125.34	84.00	85.00
305.12	125.34	84.00	85.00
305.12	125.34	84.00	85.00
309.62	125.34	84.00	85.00
309.62	125.34	84.00	85.00
310.62	126.34	82.00	83.00
314.00	129.73	84.00	85.00
314.00	129.73	84.00	85.00
318.50	129.73	84.00	85.00
318.50	129.73	84.00	85.00
322.99	129.73	84.00	85.00
323.99	130.73	82.00	83.00
328.38	130.73	82.00	83.00
328.38	130.73	82.00	83.00
328.38	130.73	82.00	83.00
328.38	130.73	82.00	83.00
328.38	130.73	82.00	83.00
328.38	126.34	82.00	83.00
327.38	125.34	84.00	85.00
326.38	124.34	86.00	87.00
322.78	120.74	84.00	85.00
322.78	120.74	84.00	85.00
318.28	120.74	84.00	85.00
318.28	116.25	84.00	85.00
318.28	116.25	84.00	85.00
313.79	116.25	84.00	85.00
313.79	111.76	84.00	85.00
309.30	111.76	84.00	85.00
309.30	111.76	84.00	85.00
308.30	110.76	86.00	87.00
304.70	111.76	84.00	85.00
304.70	111.76	84.00	85.00
300.20	111.76	84.00	85.00
300.20	111.76	84.00	85.00
300.20	111.76	84.00	85.00
299.20	115.25	86.00	87.00
295.60	116.25	84.00	85.00
295.60	116.25	84.00	85.00
295.60	116.25	84.00	85.00
294.48	116.25	84.00	85.00
294.48	120.74	84.00	85.00
294.48	120.74	84.00	85.00
294.48	120.74	84.00	85.00
294.48	120.74	84.00	85.00
294.48	120.74	84.00	85.00
295.48	121.74	82.00	83.00
295.48	126.13	82.00	83.00
299.87	126.13	82.00	83.00
299.87	126.13	82.00	83.00
300.87	126.13	81.00	82.00
304.23	126.13	82.00	83.00
304.23	130.52	82.00	83.00
308.61	130.52	82.00	83.00
308.61	130.52	82.00	83.00
308.61	130.52	82.00	83.00
308.61	130.52	82.00	83.00
309.61	130.52	81.00	82.00
309.61	130.52	81.00	82.00
309.61	130.52	81.00	82.00
309.61	130.52	81.00	82.00
312.97	130.52	82.00	83.00
312.97	130.52	82.00	83.00
312.97	130.52	82.00	83.00
312.97	130.52	82.00	83.00
312.97	130.52	82.00	83.00
312.97	130.52	82.00	83.00
312.97	130.52	82.00	83.00
312.97	130.52	82.00	83.00
312.97	134.90	82.00	83.00
312.97	134.90	82.00	83.00
308.59	134.90	82.00	83.00
308.59	134.90	82.00	83.00
307.59	133.90	84.00	85.00
303.09	133.90	84.00	85.00
303.09	133.90	84.00	85.00
303.09	133.90	84.00	85.00
303.09	129.41	84.00	85.00
303.09	129.41	84.00	85.00
303.09	129.41	84.00	85.00
304.09	130.41	82.00	83.00
304.09	130.41	82.00	83.00
307.48	133.80	84.00	85.00
307.48	133.80	84.00	85.00
307.48	133.80	84.00	85.00
307.48	133.80	84.00	85.00
307.48	133.80	84.00	85.00
307.48	133.80	84.00	85.00
307.48	133.80	84.00	85.00
307.48	133.80	84.00	85.00
307.48	133.80	84.00	85.00
307.48	133.80	84.00	85.00
307.48	133.80	84.00	85.00
307.48	133.80	84.00	85.00
307.48	133.80	84.00	85.00
307.48	133.80	84.00	85.00
307.48	133.80	84.00	85.00
307.48	133.80	84.00	85.00
307.48	133.80	84.00	85.00
307.48	133.80	84.00	85.00
306.36	133.80	84.00	85.00
306.36	133.80	84.00	85.00
306.36	133.80	84.00	85.00
306.36	133.80	84.00	85.00
306.36	133.80	84.00	85.00
306.36	133.80	84.00	85.00
304.11	133.80	84.00	85.00
304.11	133.80	84.00	85.00
304.11	133.80	84.00	85.00
304.11	133.80	84.00	85.00
299.62	138.29	84.00	85.00
299.62	138.29	84.00	85.00
295.12	138.29	84.00	85.00
295.12	142.78	84.00	85.00
292.88	142.78	84.00	85.00
292.88	147.28	84.00	85.00
292.88	147.28	84.00	85.00
292.88	147.28	84.00	85.00
292.88	151.77	84.00	85.00
292.88	151.77	84.00	85.00
292.88	151.77	84.00	85.00
292.88	151.77	84.00	85.00
292.88	151.77	84.00	85.00
292.88	151.77	84.00	85.00
292.88	151.77	84.00	85.00
292.88	151.77	84.00	85.00
292.88	151.77	84.00	85.00
292.88	151.77	84.00	85.00
288.38	151.77	84.00	85.00
288.38	151.77	84.00	85.00
286.14	151.77	84.00	85.00
286.14	150.65	84.00	85.00
281.64	150.65	84.00	85.00
281.64	150.65	84.00	85.00
281.64	150.65	84.00	85.00
281.64	150.65	84.00	85.00
281.64	150.65	84.00	85.00
281.64	150.65	84.00	85.00
281.64	150.65	84.00	85.00
281.64	150.65	84.00	85.00
280.64	153.02	86.00	87.00
280.64	153.02	86.00	87.00
280.64	153.02	86.00	87.00
280.64	153.02	86.00	87.00
280.64	153.02	86.00	87.00
280.64	153.02	86.00	87.00
285.24	153.02	86.00	87.00
285.24	152.02	87.00	88.00
285.24	150.85	87.00	88.00
285.24	146.17	87.00	88.00
285.24	147.34	87.00	88.00
284.24	146.34	89.00	90.00
284.24	146.34	89.00	90.00
284.24	146.34	89.00	90.00
284.24	146.34	89.00	90.00
284.24	146.34	89.00	90.00
284.24	142.75	89.00	90.00
284.24	142.75	89.00	90.00
284.24	141.55	89.00	90.00
279.46	136.76	89.00	90.00
279.46	136.76	89.00	90.00
279.46	136.76	89.00	90.00
279.46	136.76	89.00	90.00
275.67	132.98	87.00	88.00
275.67	132.98	87.00	88.00
275.67	132.98	87.00	88.00
275.67	132.98	87.00	88.00
275.67	132.98	87.00	88.00
275.67	132.98	87.00	88.00
275.67	132.98	87.00	88.00
275.67	129.30	86.00	87.00
275.67	129.30	86.00	87.00
275.67	129.30	86.00	87.00
276.67	130.30	84.00	85.00
276.67	134.79	84.00	85.00
276.67	139.28	84.00	85.00
281.16	139.28	84.00	85.00
282.16	144.78	82.00	83.00
286.55	149.16	82.00	83.00
286.55	153.55	82.00	83.00
290.94	157.94	82.00	83.00
290.94	157.94	82.00	83.00
294.23	157.94	82.00	83.00
294.23	157.94	82.00	83.00
294.23	157.94	82.00	83.00
298.61	153.55	82.00	83.00
298.61	153.55	82.00	83.00
304.00	149.16	81.00	82.00
304.00	149.16	81.00	82.00
304.00	144.80	81.00	82.00
308.36	144.80	81.00	82.00
308.36	144.80	81.00	82.00
308.36	144.80	81.00	82.00
308.36	144.80	81.00	82.00
308.36	144.80	81.00	82.00
308.36	144.80	81.00	82.00
308.36	144.80	81.00	82.00
308.36	144.80	81.00	82.00
308.36	144.80	81.00	82.00
308.36	144.80	81.00	82.00
308.36	144.80	81.00	82.00
313.72	145.80	79.00	80.00
314.72	146.80	77.00	79.00
314.72	146.80	77.00	79.00
314.72	146.80	77.00	79.00
314.72	150.96	77.00	79.00
314.72	151.96	76.00	77.00
314.72	156.03	76.00	77.00
309.64	151.96	76.00	77.00
295.40	137.75	77.00	79.00
291.24	137.75	77.00	79.00
287.08	133.59	77.00	79.00
287.08	133.59	77.00	79.00
287.08	133.59	77.00	79.00
286.04	133.59	77.00	79.00
281.88	131.51	77.00	79.00
281.88	131.51	77.00	79.00
281.88	131.51	77.00	79.00
277.72	131.51	77.00	79.00
277.72	131.51	77.00	79.00
277.72	131.51	77.00	79.00
277.72	132.51	76.00	77.00
278.72	133.51	74.00	75.00
278.72	137.47	74.00	75.00
279.72	137.47	73.00	74.00
282.67	137.47	73.00	74.00
282.67	133.53	73.00	74.00
282.67	133.53	73.00	74.00
282.67	133.53	73.00	74.00
282.67	129.60	73.00	74.00
282.67	129.60	73.00	74.00
286.61	125.67	73.00	74.00
286.61	125.67	73.00	74.00
290.54	125.67	73.00	74.00
290.54	125.67	73.00	74.00
294.47	121.73	73.00	74.00
294.47	121.73	73.00	74.00
298.41	121.73	73.00	74.00
298.41	121.73	73.00	74.00
298.41	121.73	73.00	74.00
298.41	121.73	73.00	74.00
298.41	117.80	73.00	74.00
298.41	117.80	73.00	74.00
298.41	117.80	73.00	74.00
298.41	117.80	73.00	74.00
298.41	117.80	73.00	74.00
298.41	117.80	73.00	74.00
298.41	117.80	73.00	74.00
298.41	117.80	73.00	74.00
298.41	117.80	73.00	74.00
298.41	117.80	73.00	74.00
298.41	117.80	73.00	74.00
298.41	117.80	73.00	74.00
298.41	117.80	73.00	74.00
298.41	117.80	73.00	74.00
298.41	117.80	73.00	74.00
298.41	117.80	73.00	74.00
298.41	113.87	73.00	74.00
298.41	113.87	73.00	74.00
298.41	140.42	73.00	74.00
298.41	140.42	73.00	74.00
295.46	140.42	73.00	74.00
295.46	139.43	73.00	74.00
295.46	135.50	73.00	74.00
295.46	135.50	73.00	74.00
295.46	131.57	73.00	74.00
295.46	131.57	73.00	74.00
295.46	127.63	73.00	74.00
295.46	127.63	73.00	74.00
295.46	123.70	73.00	74.00
295.46	123.70	73.00	74.00
295.46	119.77	73.00	74.00
295.46	115.83	73.00	74.00
295.46	115.83	73.00	74.00
295.46	111.90	73.00	74.00
295.46	111.90	73.00	74.00
295.46	111.90	73.00	74.00
295.46	111.90	73.00	74.00
295.46	111.90	73.00	74.00
295.46	111.90	73.00	74.00
295.46	111.90	73.00	74.00
295.46	111.90	73.00	74.00
295.46	111.90	73.00	74.00
295.46	108.97	72.00	73.00
295.46	108.97	72.00	73.00
295.46	108.97	72.00	73.00
295.46	105.11	72.00	73.00
295.46	105.11	72.00	73.00
295.46	105.11	72.00	73.00
295.46	101.26	72.00	73.00
295.46	101.26	72.00	73.00
295.46	101.26	72.00	73.00
295.46	101.26	72.00	73.00
295.46	101.26	72.00	73.00
295.46	101.26	72.00	73.00
295.46	101.26	72.00	73.00
295.46	105.11	72.00	73.00
295.46	105.11	72.00	73.00
295.46	105.11	72.00	73.00
295.46	108.97	72.00	73.00
295.46	112.82	72.00	73.00
295.46	112.82	72.00	73.00
295.46	115.67	73.00	74.00
295.46	115.67	73.00	74.00
295.46	115.67	73.00	74.00
295.46	115.67	73.00	74.00
295.46	115.67	73.00	74.00
295.46	115.67	73.00	74.00
295.46	115.67	73.00	74.00
295.46	115.67	73.00	74.00
295.46	115.67	73.00	74.00
295.46	115.67	73.00	74.00
295.46	119.61	73.00	74.00
299.39	123.54	73.00	74.00
299.39	123.54	73.00	74.00
299.39	123.54	73.00	74.00
298.39	127.47	74.00	75.00
298.39	127.47	74.00	75.00
298.39	127.47	74.00	75.00
298.39	123.51	74.00	75.00
293.43	122.51	76.00	77.00
293.43	118.45	76.00	77.00
293.43	118.45	76.00	77.00
289.36	113.38	77.00	79.00
289.36	113.38	77.00	79.00
289.36	109.22	77.00	79.00
288.36	108.22	79.00	80.00
283.11	107.22	81.00	82.00
282.11	107.22	82.00	83.00
281.11	106.22	84.00	85.00
281.11	101.73	84.00	85.00
274.49	100.73	86.00	87.00
269.89	100.73	86.00	87.00
265.29	99.73	87.00	88.00
258.44	94.05	89.00	90.00
251.46	93.05	91.00	92.00
244.34	87.15	93.00	94.00
238.34	86.15	94.00	96.00
232.30	80.11	96.00	98.00
232.30	74.97	96.00	98.00
227.16	69.82	96.00	98.00
227.16	64.67	96.00	98.00
227.16	59.53	96.00	98.00
227.16	54.38	96.00	98.00
226.16	53.38	98.00	100.00
231.41	48.13	98.00	100.00
231.41	48.13	98.00	100.00
236.66	42.87	98.00	100.00
236.66	42.87	98.00	100.00
236.66	37.62	98.00	100.00
236.66	37.62	98.00	100.00
241.92	42.87	98.00	100.00
241.92	48.13	98.00	100.00
247.17	58.63	98.00	100.00
253.42	66.20	96.00	98.00
253.42	72.63	96.00	98.00
259.57	78.78	94.00	96.00
259.57	78.78	94.00	96.00
259.57	78.78	94.00	96.00
259.57	73.74	94.00	96.00
259.57	68.70	94.00	96.00
259.57	62.40	94.00	96.00
264.61	57.36	94.00	96.00
269.65	52.32	94.00	96.00
268.65	46.28	96.00	98.00
275.08	41.13	96.00	98.00
280.23	37.27	96.00	98.00
285.38	32.13	96.00	98.00
284.38	28.55	98.00	100.00
289.63	23.30	98.00	100.00
288.63	22.30	100.00	102.00
292.99	21.30	102.00	104.00
292.99	21.30	102.00	104.00
292.99	21.30	102.00	104.00
292.99	21.30	102.00	104.00
291.99	20.30	104.00	106.00
291.99	20.30	104.00	106.00
290.99	19.30	106.00	108.00
289.99	18.30	108.00	110.00
288.99	17.30	111.00	112.00
288.99	11.34	111.00	112.00
287.99	10.34	113.00	114.00
286.99	9.34	115.00	117.00
286.99	9.34	115.00	117.00
