289.00	67.00	64.00	236.00
289.00	67.00	64.00	236.00
281.70	67.00	64.00	236.00
281.70	67.00	64.00	236.00
281.70	67.00	64.00	236.00
274.40	67.00	64.00	236.00
274.40	67.00	64.00	236.00
267.11	67.00	64.00	236.00
267.11	74.30	64.00	236.00
260.81	77.30	63.00	231.00
259.81	74.30	64.00	236.00
259.81	74.30	64.00	236.00
257.16	70.00	63.00	231.00
257.16	91.67	63.00	231.00
264.38	68.19	63.00	231.00
264.38	68.19	63.00	231.00
249.94	91.86	62.00	227.00
249.94	91.86	62.00	227.00
249.94	84.69	62.00	227.00
265.28	72.35	60.00	222.00
266.28	74.35	59.00	218.00
259.27	74.35	59.00	218.00
259.27	76.35	58.00	214.00
260.27	85.30	57.00	210.00
259.27	90.13	58.00	214.00
259.27	90.13	58.00	214.00
260.27	99.08	57.00	210.00
260.27	99.08	57.00	210.00
273.95	92.25	57.00	210.00
280.78	92.25	57.00	210.00
287.62	78.58	57.00	210.00
287.62	78.58	57.00	210.00
301.29	71.74	57.00	210.00
301.29	68.32	57.00	210.00
301.29	68.32	57.00	210.00
301.29	68.32	57.00	210.00
294.45	71.32	56.00	205.00
294.45	71.32	56.00	205.00
288.80	86.64	55.00	201.00
288.80	88.64	54.00	197.00
283.37	96.07	53.00	194.00
278.04	98.07	51.00	190.00
278.04	98.07	51.00	190.00
291.85	93.93	50.00	186.00
292.85	89.90	49.00	182.00
292.85	89.90	49.00	182.00
304.68	97.81	49.00	179.00
304.68	97.81	49.00	179.00
298.85	95.81	49.00	182.00
291.94	85.90	51.00	190.00
290.94	83.90	53.00	194.00
289.94	82.90	54.00	197.00
289.94	80.90	55.00	201.00
289.94	84.54	54.00	197.00
296.37	95.40	55.00	201.00
294.73	95.40	55.00	201.00
294.73	95.40	55.00	201.00
294.73	95.40	55.00	201.00
300.28	93.40	56.00	205.00
300.28	93.40	56.00	205.00
306.93	77.08	57.00	210.00
313.77	77.08	57.00	210.00
317.19	70.25	57.00	210.00
317.19	70.25	57.00	210.00
316.19	68.25	58.00	214.00
316.19	66.25	59.00	218.00
315.19	57.25	60.00	222.00
314.19	55.25	62.00	227.00
307.02	53.25	63.00	231.00
299.79	53.25	63.00	231.00
292.57	48.02	62.00	227.00
285.40	48.02	62.00	227.00
285.40	55.19	62.00	227.00
278.23	55.19	62.00	227.00
278.23	62.36	62.00	227.00
278.23	62.36	62.00	227.00
271.06	46.02	63.00	231.00
271.06	69.50	63.00	231.00
263.84	69.50	63.00	231.00
263.84	69.50	63.00	231.00
255.61	66.50	64.00	236.00
255.61	66.50	64.00	236.00
277.51	51.90	64.00	236.00
292.10	44.60	64.00	236.00
306.70	44.60	64.00	236.00
306.70	44.60	64.00	236.00
314.00	44.60	64.00	236.00
314.00	44.60	64.00	236.00
306.70	15.41	64.00	236.00
306.70	22.71	64.00	236.00
306.70	30.01	64.00	236.00
306.70	37.30	64.00	236.00
303.05	44.60	64.00	236.00
303.05	44.60	64.00	236.00
303.05	44.60	64.00	236.00
303.05	37.30	64.00	236.00
304.05	40.30	63.00	231.00
304.05	40.30	63.00	231.00
304.05	42.30	62.00	227.00
304.05	35.13	62.00	227.00
304.05	35.13	62.00	227.00
305.05	37.13	60.00	222.00
305.05	42.43	60.00	222.00
305.05	42.43	60.00	222.00
298.00	42.43	60.00	222.00
290.94	35.37	60.00	222.00
276.83	17.73	60.00	222.00
276.83	17.73	60.00	222.00
269.77	10.68	60.00	222.00
269.77	10.68	60.00	222.00
273.30	17.73	60.00	222.00
273.30	17.73	60.00	222.00
274.30	33.84	59.00	218.00
274.30	33.84	59.00	218.00
274.30	33.84	59.00	218.00
274.30	33.84	59.00	218.00
274.30	33.84	59.00	218.00
281.30	33.84	59.00	218.00
288.31	35.59	59.00	218.00
288.31	35.59	59.00	218.00
295.31	28.59	59.00	218.00
295.31	28.59	59.00	218.00
302.31	28.59	59.00	218.00
295.31	21.59	59.00	218.00
302.31	21.59	59.00	218.00
302.31	21.59	59.00	218.00
309.31	28.59	59.00	218.00
309.31	35.59	59.00	218.00
315.31	40.59	60.00	222.00
315.31	40.59	60.00	222.00
315.31	47.65	60.00	222.00
315.31	47.65	60.00	222.00
315.31	49.41	60.00	222.00
314.31	47.41	62.00	227.00
314.31	43.83	62.00	227.00
314.31	36.66	62.00	227.00
312.52	27.69	62.00	227.00
312.52	20.52	62.00	227.00
312.52	13.35	62.00	227.00
312.52	13.35	62.00	227.00
305.35	13.35	62.00	227.00
305.35	13.35	62.00	227.00
305.35	20.52	62.00	227.00
305.35	20.52	62.00	227.00
305.35	20.52	62.00	227.00
312.52	20.52	62.00	227.00
312.52	13.35	62.00	227.00
307.14	13.35	62.00	227.00
285.63	36.66	62.00	227.00
285.63	36.66	62.00	227.00
285.63	36.66	62.00	227.00
292.80	40.24	62.00	227.00
294.60	47.41	62.00	227.00
294.60	47.41	62.00	227.00
301.77	47.41	62.00	227.00
301.77	47.41	62.00	227.00
303.56	54.58	62.00	227.00
307.14	59.76	63.00	231.00
307.14	59.76	63.00	231.00
310.76	59.76	63.00	231.00
310.76	47.12	63.00	231.00
309.76	44.12	64.00	236.00
311.58	42.12	65.00	241.00
311.58	42.12	65.00	241.00
318.94	34.76	65.00	241.00
320.78	34.76	65.00	241.00
328.14	34.76	65.00	241.00
328.14	34.76	65.00	241.00
328.14	34.76	65.00	241.00
328.14	34.76	65.00	241.00
328.14	34.76	65.00	241.00
328.14	36.76	64.00	236.00
328.14	29.46	64.00	236.00
328.14	29.46	64.00	236.00
328.14	36.76	64.00	236.00
328.14	36.76	64.00	236.00
328.14	29.46	64.00	236.00
328.14	29.46	64.00	236.00
330.96	32.46	63.00	231.00
338.19	39.68	63.00	231.00
338.19	39.68	63.00	231.00
338.19	39.68	63.00	231.00
338.19	36.07	63.00	231.00
338.19	36.07	63.00	231.00
338.19	36.07	63.00	231.00
338.19	36.07	63.00	231.00
338.19	36.07	63.00	231.00
323.74	36.07	63.00	231.00
323.74	37.87	63.00	231.00
323.74	45.10	63.00	231.00
318.32	45.10	63.00	231.00
311.10	47.10	62.00	227.00
311.10	47.10	62.00	227.00
303.93	54.27	62.00	227.00
303.93	54.27	62.00	227.00
296.76	54.27	62.00	227.00
289.59	54.27	62.00	227.00
289.59	47.10	62.00	227.00
282.42	47.10	62.00	227.00
282.42	39.93	62.00	227.00
275.25	39.93	62.00	227.00
268.08	39.93	62.00	227.00
268.08	39.93	62.00	227.00
268.08	39.93	62.00	227.00
268.08	39.93	62.00	227.00
268.08	39.93	62.00	227.00
268.08	39.93	62.00	227.00
268.08	39.93	62.00	227.00
268.08	39.93	62.00	227.00
268.08	39.93	62.00	227.00
268.08	32.76	62.00	227.00
268.08	32.76	62.00	227.00
268.08	25.59	62.00	227.00
268.08	25.59	62.00	227.00
268.08	32.76	62.00	227.00
271.66	32.76	62.00	227.00
271.66	32.76	62.00	227.00
271.66	39.93	62.00	227.00
273.46	39.93	62.00	227.00
280.63	39.93	62.00	227.00
280.63	47.10	62.00	227.00
281.63	49.10	60.00	222.00
281.63	49.10	60.00	222.00
281.63	49.10	60.00	222.00
281.63	49.10	60.00	222.00
286.92	49.10	60.00	222.00
286.92	49.10	60.00	222.00
293.97	49.10	60.00	222.00
299.26	49.10	60.00	222.00
304.56	49.10	60.00	222.00
304.56	49.10	60.00	222.00
304.56	49.10	60.00	222.00
304.56	49.10	60.00	222.00
298.50	51.10	59.00	218.00
298.50	51.10	59.00	218.00
291.50	58.10	59.00	218.00
291.50	58.10	59.00	218.00
284.50	51.10	59.00	218.00
284.50	51.10	59.00	218.00
284.50	51.10	59.00	218.00
284.50	51.10	59.00	218.00
277.49	51.10	59.00	218.00
277.49	51.10	59.00	218.00
270.49	51.10	59.00	218.00
270.49	51.10	59.00	218.00
270.49	51.10	59.00	218.00
270.49	51.10	59.00	218.00
270.49	51.10	59.00	218.00
270.49	51.10	59.00	218.00
277.49	51.10	59.00	218.00
284.50	51.10	59.00	218.00
291.50	58.10	59.00	218.00
291.50	58.10	59.00	218.00
291.50	58.10	59.00	218.00
298.50	58.10	59.00	218.00
305.50	58.10	59.00	218.00
305.50	65.10	59.00	218.00
305.50	65.10	59.00	218.00
305.50	65.10	59.00	218.00
309.75	70.10	60.00	222.00
309.75	70.10	60.00	222.00
316.81	77.16	60.00	222.00
316.81	77.16	60.00	222.00
325.63	77.16	60.00	222.00
332.68	77.16	60.00	222.00
337.98	77.16	60.00	222.00
337.98	77.16	60.00	222.00
337.98	77.16	60.00	222.00
337.98	77.16	60.00	222.00
345.03	84.21	60.00	222.00
345.03	84.21	60.00	222.00
337.98	84.21	60.00	222.00
337.98	84.21	60.00	222.00
330.92	84.21	60.00	222.00
330.92	84.21	60.00	222.00
330.92	84.21	60.00	222.00
323.87	84.21	60.00	222.00
324.87	79.16	59.00	218.00
317.86	81.16	58.00	214.00
317.86	74.21	58.00	214.00
310.91	74.21	58.00	214.00
310.91	67.26	58.00	214.00
310.91	67.26	58.00	214.00
303.97	67.26	58.00	214.00
303.97	74.21	58.00	214.00
295.28	74.21	58.00	214.00
288.33	74.21	58.00	214.00
288.33	81.16	58.00	214.00
289.33	83.16	57.00	210.00
282.50	83.16	57.00	210.00
282.50	83.16	57.00	210.00
275.66	79.32	56.00	205.00
274.00	79.32	56.00	205.00
272.33	72.67	56.00	205.00
272.33	72.67	56.00	205.00
265.68	66.01	56.00	205.00
265.68	66.01	56.00	205.00
272.33	66.01	56.00	205.00
272.33	66.01	56.00	205.00
278.99	72.67	56.00	205.00
278.99	72.67	56.00	205.00
278.99	79.32	56.00	205.00
285.65	87.64	56.00	205.00
292.30	91.30	57.00	210.00
292.30	91.30	57.00	210.00
285.47	91.30	57.00	210.00
278.63	91.30	57.00	210.00
270.09	91.30	57.00	210.00
263.25	91.30	57.00	210.00
251.29	91.30	57.00	210.00
247.87	91.30	57.00	210.00
246.87	82.47	58.00	214.00
246.87	80.47	59.00	218.00
246.87	80.47	59.00	218.00
283.63	80.47	59.00	218.00
290.64	80.47	59.00	218.00
290.64	80.47	59.00	218.00
295.89	80.47	59.00	218.00
295.89	80.47	59.00	218.00
295.89	80.47	59.00	218.00
295.89	80.47	59.00	218.00
295.89	80.47	59.00	218.00
295.89	80.47	59.00	218.00
294.14	80.47	59.00	218.00
290.64	80.47	59.00	218.00
288.88	80.47	59.00	218.00
287.13	80.47	59.00	218.00
283.63	80.47	59.00	218.00
283.63	80.47	59.00	218.00
282.63	71.46	60.00	222.00
281.63	69.46	62.00	227.00
281.63	62.29	62.00	227.00
281.63	62.29	62.00	227.00
281.63	62.29	62.00	227.00
281.63	69.46	62.00	227.00
287.01	69.46	62.00	227.00
287.01	69.46	62.00	227.00
287.01	76.63	62.00	227.00
292.39	83.80	62.00	227.00
292.39	83.80	62.00	227.00
292.39	83.80	62.00	227.00
292.39	90.98	62.00	227.00
285.22	90.98	62.00	227.00
283.43	90.98	62.00	227.00
281.63	90.98	62.00	227.00
274.46	83.80	62.00	227.00
274.46	83.80	62.00	227.00
274.46	83.80	62.00	227.00
274.46	76.63	62.00	227.00
274.46	76.63	62.00	227.00
274.46	83.80	62.00	227.00
274.46	83.80	62.00	227.00
274.46	90.98	62.00	227.00
274.46	90.98	62.00	227.00
274.46	98.15	62.00	227.00
274.46	98.15	62.00	227.00
274.46	98.15	62.00	227.00
274.46	98.15	62.00	227.00
274.46	90.98	62.00	227.00
274.46	90.98	62.00	227.00
274.46	81.80	63.00	231.00
273.46	71.58	64.00	236.00
273.46	64.28	64.00	236.00
280.76	64.28	64.00	236.00
280.76	56.99	64.00	236.00
288.06	56.99	64.00	236.00
295.36	64.28	64.00	236.00
295.36	64.28	64.00	236.00
302.65	69.58	65.00	241.00
310.01	69.58	65.00	241.00
324.73	69.58	65.00	241.00
332.09	69.58	65.00	241.00
338.45	73.94	67.00	246.00
337.45	81.25	68.00	250.00
350.58	81.25	68.00	250.00
358.08	81.25	68.00	250.00
365.58	79.25	69.00	255.00
405.44	64.17	68.00	250.00
421.44	88.67	67.00	246.00
429.89	91.67	65.00	241.00
459.33	91.67	65.00	241.00
474.05	91.67	65.00	241.00
497.97	91.67	65.00	241.00
512.69	91.67	65.00	241.00
542.13	91.67	65.00	241.00
556.84	91.67	65.00	241.00
578.92	91.67	65.00	241.00
593.64	91.67	65.00	241.00
586.28	93.67	64.00	236.00
586.28	93.67	64.00	236.00
593.58	93.67	64.00	236.00
586.28	93.67	64.00	236.00
578.98	93.67	64.00	236.00
586.28	93.67	64.00	236.00
586.28	93.67	64.00	236.00
586.28	93.67	64.00	236.00
586.28	93.67	64.00	236.00
578.98	93.67	64.00	236.00
593.58	93.67	64.00	236.00
600.88	93.67	64.00	236.00
600.88	93.67	64.00	236.00
615.47	93.67	64.00	236.00
599.05	93.67	64.00	236.00
577.16	93.67	64.00	236.00
584.46	93.67	64.00	236.00
599.05	93.67	64.00	236.00
606.35	93.67	64.00	236.00
584.46	100.97	64.00	236.00
573.51	93.67	64.00	236.00
580.81	93.67	64.00	236.00
580.81	100.97	64.00	236.00
580.81	100.97	64.00	236.00
589.11	103.97	63.00	231.00
596.33	103.97	63.00	231.00
589.11	105.97	62.00	227.00
589.11	105.97	62.00	227.00
589.11	105.97	62.00	227.00
593.69	107.97	60.00	222.00
586.64	107.97	60.00	222.00
587.64	109.97	59.00	218.00
587.64	109.97	59.00	218.00
587.64	109.97	59.00	218.00
586.64	114.97	60.00	222.00
578.58	112.97	62.00	227.00
585.75	112.97	62.00	227.00
592.92	112.97	62.00	227.00
585.75	112.97	62.00	227.00
586.75	114.97	60.00	222.00
586.75	114.97	60.00	222.00
586.75	114.97	60.00	222.00
587.75	116.97	59.00	218.00
587.75	116.97	59.00	218.00
587.75	118.97	58.00	214.00
587.75	118.97	58.00	214.00
594.70	118.97	58.00	214.00
587.75	118.97	58.00	214.00
594.70	118.97	58.00	214.00
587.75	118.97	58.00	214.00
594.70	118.97	58.00	214.00
601.65	118.97	58.00	214.00
595.70	120.97	57.00	210.00
588.87	120.97	57.00	210.00
595.70	120.97	57.00	210.00
595.70	120.97	57.00	210.00
612.79	120.97	57.00	210.00
623.04	120.97	57.00	210.00
616.21	120.97	57.00	210.00
616.21	120.97	57.00	210.00
617.21	119.13	55.00	201.00
617.21	121.13	54.00	197.00
604.35	121.13	54.00	197.00
604.35	121.13	54.00	197.00
597.92	121.13	54.00	197.00
597.92	121.13	54.00	197.00
597.92	121.13	54.00	197.00
591.49	121.13	54.00	197.00
597.92	121.13	54.00	197.00
591.49	121.13	54.00	197.00
591.49	121.13	54.00	197.00
597.92	121.13	54.00	197.00
597.92	121.13	54.00	197.00
597.92	121.13	54.00	197.00
604.35	121.13	54.00	197.00
597.92	119.13	55.00	201.00
596.92	117.13	56.00	205.00
597.92	114.48	54.00	197.00
597.92	114.48	54.00	197.00
597.92	114.48	54.00	197.00
597.92	114.48	54.00	197.00
597.92	114.48	54.00	197.00
597.92	114.48	54.00	197.00
591.49	112.48	55.00	201.00
597.03	110.48	56.00	205.00
