347.00	58.00	103.00	251.00
347.00	58.00	103.00	251.00
347.00	58.00	103.00	251.00
338.66	58.00	103.00	251.00
338.66	58.00	103.00	251.00
338.66	58.00	103.00	251.00
330.31	58.00	103.00	251.00
320.97	63.34	105.00	256.00
320.97	63.34	105.00	256.00
312.54	71.77	105.00	256.00
303.12	69.77	107.00	261.00
304.12	67.51	105.00	256.00
296.70	70.51	103.00	251.00
314.39	72.51	101.00	246.00
308.18	72.51	101.00	246.00
300.91	75.51	99.00	241.00
300.91	75.51	99.00	241.00
302.91	71.31	95.00	232.00
303.91	50.23	93.00	227.00
304.91	52.23	91.00	223.00
298.06	64.08	88.00	214.00
299.06	66.08	86.00	210.00
299.06	66.08	86.00	210.00
299.06	66.08	86.00	210.00
314.32	69.89	86.00	210.00
314.32	62.26	86.00	210.00
322.95	64.26	84.00	206.00
329.49	62.26	86.00	210.00
338.12	56.63	84.00	206.00
339.12	58.63	83.00	202.00
315.01	73.47	83.00	202.00
307.59	80.89	83.00	202.00
306.59	71.47	84.00	206.00
305.59	69.47	86.00	210.00
305.59	69.47	86.00	210.00
305.59	69.47	86.00	210.00
297.96	69.47	86.00	210.00
297.96	69.47	86.00	210.00
288.42	69.47	86.00	210.00
287.51	79.10	84.00	206.00
280.98	88.63	83.00	202.00
289.39	83.21	81.00	198.00
289.39	85.21	80.00	194.00
297.51	87.21	78.00	190.00
305.50	82.22	77.00	186.00
331.28	82.22	77.00	186.00
331.28	82.22	77.00	186.00
330.28	80.22	78.00	190.00
329.28	76.48	80.00	194.00
329.28	69.36	80.00	194.00
329.28	62.24	80.00	194.00
329.28	62.24	80.00	194.00
329.28	62.24	80.00	194.00
330.28	64.24	78.00	190.00
337.27	64.24	78.00	190.00
299.58	83.20	80.00	194.00
292.46	81.20	81.00	198.00
291.46	79.20	83.00	202.00
291.46	79.20	83.00	202.00
291.46	79.20	83.00	202.00
293.32	79.20	83.00	202.00
308.15	86.62	83.00	202.00
310.01	79.20	83.00	202.00
310.01	79.20	83.00	202.00
310.01	71.79	83.00	202.00
300.73	64.37	83.00	202.00
285.90	56.95	83.00	202.00
284.90	54.95	84.00	206.00
307.50	32.35	84.00	206.00
307.50	24.82	84.00	206.00
300.96	26.82	83.00	202.00
293.54	26.82	83.00	202.00
286.12	34.23	83.00	202.00
287.12	36.23	81.00	198.00
287.12	43.52	81.00	198.00
287.12	43.52	81.00	198.00
287.12	43.52	81.00	198.00
287.12	43.52	81.00	198.00
283.48	43.52	81.00	198.00
283.48	43.52	81.00	198.00
276.19	43.52	81.00	198.00
276.19	36.23	81.00	198.00
276.19	59.92	81.00	198.00
276.19	59.92	81.00	198.00
276.19	52.63	81.00	198.00
276.19	52.63	81.00	198.00
299.88	52.63	81.00	198.00
307.17	52.63	81.00	198.00
307.17	52.63	81.00	198.00
307.17	59.92	81.00	198.00
307.17	59.92	81.00	198.00
307.17	59.92	81.00	198.00
307.17	67.21	81.00	198.00
307.17	67.21	81.00	198.00
307.17	59.92	81.00	198.00
307.17	59.92	81.00	198.00
307.17	61.92	80.00	194.00
308.95	61.92	80.00	194.00
308.95	61.92	80.00	194.00
309.95	63.92	78.00	190.00
289.98	58.93	77.00	186.00
284.11	60.93	75.00	183.00
284.11	54.23	75.00	183.00
284.11	54.23	75.00	183.00
277.41	47.53	75.00	183.00
277.41	47.53	75.00	183.00
265.68	47.53	75.00	183.00
258.98	47.53	75.00	183.00
258.98	42.51	75.00	183.00
258.98	42.51	75.00	183.00
258.98	42.51	75.00	183.00
258.98	42.51	75.00	183.00
262.33	42.51	75.00	183.00
262.33	42.51	75.00	183.00
262.33	49.21	75.00	183.00
262.33	49.21	75.00	183.00
262.33	49.21	75.00	183.00
269.03	55.91	75.00	183.00
262.33	37.48	75.00	183.00
262.33	37.48	75.00	183.00
267.36	37.48	75.00	183.00
267.36	37.48	75.00	183.00
280.76	40.83	75.00	183.00
280.76	40.83	75.00	183.00
287.46	42.51	75.00	183.00
280.76	29.11	75.00	183.00
287.46	35.81	75.00	183.00
287.46	37.81	74.00	179.00
294.04	44.39	74.00	179.00
294.04	44.39	74.00	179.00
294.04	44.39	74.00	179.00
294.04	44.39	74.00	179.00
300.63	50.98	74.00	179.00
300.63	50.98	74.00	179.00
300.63	50.98	74.00	179.00
300.63	44.39	74.00	179.00
300.63	37.81	74.00	179.00
300.63	37.81	74.00	179.00
294.04	31.22	74.00	179.00
294.04	31.22	74.00	179.00
294.04	31.22	74.00	179.00
294.04	31.22	74.00	179.00
294.04	37.81	74.00	179.00
294.04	37.81	74.00	179.00
300.63	37.81	74.00	179.00
300.63	31.22	74.00	179.00
300.63	26.28	74.00	179.00
300.63	26.28	74.00	179.00
300.63	19.69	74.00	179.00
300.63	19.69	74.00	179.00
292.40	32.87	74.00	179.00
292.40	39.45	74.00	179.00
297.34	46.04	74.00	179.00
298.34	47.04	72.00	176.00
298.34	53.51	72.00	176.00
299.34	55.51	71.00	172.00
299.34	55.51	71.00	172.00
305.69	55.51	71.00	172.00
305.69	55.51	71.00	172.00
305.69	55.51	71.00	172.00
304.10	49.15	71.00	172.00
304.10	49.15	71.00	172.00
309.45	40.80	72.00	176.00
308.45	39.80	74.00	179.00
308.45	39.80	74.00	179.00
308.45	39.80	74.00	179.00
319.98	33.22	74.00	179.00
319.98	33.22	74.00	179.00
326.56	33.22	74.00	179.00
326.56	33.22	74.00	179.00
326.56	33.22	74.00	179.00
327.56	34.22	72.00	176.00
321.10	47.15	72.00	176.00
321.10	47.15	72.00	176.00
327.56	34.22	72.00	176.00
325.95	34.22	72.00	176.00
325.33	36.22	71.00	172.00
325.33	36.22	71.00	172.00
338.03	36.22	71.00	172.00
338.03	36.22	71.00	172.00
338.03	36.22	71.00	172.00
338.03	36.22	71.00	172.00
338.03	29.86	71.00	172.00
339.03	31.86	69.00	169.00
339.03	31.86	69.00	169.00
339.03	32.86	68.00	166.00
339.03	32.86	68.00	166.00
339.03	32.86	68.00	166.00
339.03	32.86	68.00	166.00
339.03	32.86	68.00	166.00
339.03	32.86	68.00	166.00
332.96	38.94	68.00	166.00
332.96	38.94	68.00	166.00
326.89	38.94	68.00	166.00
326.89	38.94	68.00	166.00
320.81	38.94	68.00	166.00
314.74	38.94	68.00	166.00
308.66	32.86	68.00	166.00
302.59	32.86	68.00	166.00
296.51	32.86	68.00	166.00
290.44	26.79	68.00	166.00
285.37	30.31	67.00	162.00
283.39	32.31	65.00	159.00
277.54	39.15	64.00	156.00
277.54	39.15	64.00	156.00
277.54	39.15	64.00	156.00
277.54	39.15	64.00	156.00
277.54	39.15	64.00	156.00
277.54	39.15	64.00	156.00
277.54	33.41	64.00	156.00
277.54	33.41	64.00	156.00
278.54	29.67	63.00	153.00
278.54	30.67	62.00	150.00
284.08	25.14	62.00	150.00
289.61	29.29	62.00	150.00
289.61	29.29	62.00	150.00
295.14	29.29	62.00	150.00
295.14	34.82	62.00	150.00
295.14	34.82	62.00	150.00
295.14	40.35	62.00	150.00
295.14	45.88	62.00	150.00
295.14	45.88	62.00	150.00
295.14	51.41	62.00	150.00
295.14	51.41	62.00	150.00
295.14	51.41	62.00	150.00
300.67	51.41	62.00	150.00
306.20	51.41	62.00	150.00
311.73	51.41	62.00	150.00
311.73	51.41	62.00	150.00
317.26	51.41	62.00	150.00
317.26	51.41	62.00	150.00
317.26	51.41	62.00	150.00
317.26	51.41	62.00	150.00
311.73	51.41	62.00	150.00
311.73	51.41	62.00	150.00
306.20	51.41	62.00	150.00
300.67	51.41	62.00	150.00
295.14	51.41	62.00	150.00
295.14	51.41	62.00	150.00
289.61	51.41	62.00	150.00
289.61	51.41	62.00	150.00
289.61	51.41	62.00	150.00
284.08	51.41	62.00	150.00
284.08	51.41	62.00	150.00
284.08	51.41	62.00	150.00
284.08	51.41	62.00	150.00
284.08	51.41	62.00	150.00
284.08	51.41	62.00	150.00
284.08	51.41	62.00	150.00
284.08	56.94	62.00	150.00
289.61	56.94	62.00	150.00
295.14	56.94	62.00	150.00
296.52	56.94	62.00	150.00
302.05	56.94	62.00	150.00
307.58	56.94	62.00	150.00
313.11	56.94	62.00	150.00
313.11	62.47	62.00	150.00
318.64	62.47	62.00	150.00
318.64	68.00	62.00	150.00
318.64	73.53	62.00	150.00
318.64	73.53	62.00	150.00
324.17	78.06	63.00	153.00
328.39	78.06	63.00	153.00
334.03	78.06	63.00	153.00
334.03	78.06	63.00	153.00
339.66	78.06	63.00	153.00
339.66	78.06	63.00	153.00
345.30	78.06	63.00	153.00
345.30	78.06	63.00	153.00
345.30	83.70	63.00	153.00
345.30	83.70	63.00	153.00
345.30	83.70	63.00	153.00
345.30	83.70	63.00	153.00
339.66	83.70	63.00	153.00
334.03	83.70	63.00	153.00
332.62	83.70	63.00	153.00
332.62	83.70	63.00	153.00
326.99	78.06	63.00	153.00
326.99	72.43	63.00	153.00
326.99	66.80	63.00	153.00
326.99	66.80	63.00	153.00
321.35	61.16	63.00	153.00
321.35	61.16	63.00	153.00
315.72	66.80	63.00	153.00
315.72	66.80	63.00	153.00
304.45	73.43	62.00	150.00
304.45	73.43	62.00	150.00
298.92	78.96	62.00	150.00
293.39	78.96	62.00	150.00
293.39	78.96	62.00	150.00
290.63	78.96	62.00	150.00
285.10	73.43	62.00	150.00
285.10	73.43	62.00	150.00
279.57	67.90	62.00	150.00
279.57	62.37	62.00	150.00
274.04	62.37	62.00	150.00
274.04	62.37	62.00	150.00
274.04	62.37	62.00	150.00
279.57	62.37	62.00	150.00
279.57	62.37	62.00	150.00
279.57	67.90	62.00	150.00
280.95	73.43	62.00	150.00
280.95	77.58	62.00	150.00
286.48	77.58	62.00	150.00
297.54	83.11	62.00	150.00
297.54	83.11	62.00	150.00
300.30	83.11	62.00	150.00
300.30	83.11	62.00	150.00
300.30	83.11	62.00	150.00
294.77	83.11	62.00	150.00
289.24	83.11	62.00	150.00
289.24	83.11	62.00	150.00
289.24	83.11	62.00	150.00
294.77	77.58	62.00	150.00
300.30	77.58	62.00	150.00
305.83	77.58	62.00	150.00
305.83	77.58	62.00	150.00
311.36	77.58	62.00	150.00
311.36	77.58	62.00	150.00
316.89	77.58	62.00	150.00
316.89	77.58	62.00	150.00
316.89	77.58	62.00	150.00
316.89	77.58	62.00	150.00
316.89	77.58	62.00	150.00
311.36	77.58	62.00	150.00
311.36	77.58	62.00	150.00
305.83	77.58	62.00	150.00
305.83	72.05	62.00	150.00
305.83	72.05	62.00	150.00
300.30	66.52	62.00	150.00
300.30	66.52	62.00	150.00
300.30	66.52	62.00	150.00
300.30	66.52	62.00	150.00
297.54	66.52	62.00	150.00
297.54	66.52	62.00	150.00
297.54	72.05	62.00	150.00
297.54	72.05	62.00	150.00
301.69	77.58	62.00	150.00
301.69	83.11	62.00	150.00
301.69	83.11	62.00	150.00
301.69	83.11	62.00	150.00
296.16	88.64	62.00	150.00
296.16	88.64	62.00	150.00
290.63	88.64	62.00	150.00
290.63	88.64	62.00	150.00
285.10	83.11	62.00	150.00
285.10	81.72	62.00	150.00
285.10	76.19	62.00	150.00
285.10	76.19	62.00	150.00
290.63	76.19	62.00	150.00
290.63	81.72	62.00	150.00
296.16	81.72	62.00	150.00
296.16	87.25	62.00	150.00
296.16	87.25	62.00	150.00
301.69	91.79	63.00	153.00
301.69	91.79	63.00	153.00
300.69	89.79	64.00	156.00
294.95	89.79	64.00	156.00
294.95	84.05	64.00	156.00
294.95	77.31	65.00	159.00
294.95	65.63	65.00	159.00
294.95	65.63	65.00	159.00
300.79	53.95	65.00	159.00
300.79	53.95	65.00	159.00
306.63	48.11	65.00	159.00
306.63	48.11	65.00	159.00
306.63	53.95	65.00	159.00
306.63	53.95	65.00	159.00
306.63	70.01	65.00	159.00
312.47	70.01	65.00	159.00
312.47	75.85	65.00	159.00
312.47	75.85	65.00	159.00
318.31	68.55	65.00	159.00
329.99	68.55	65.00	159.00
348.97	70.01	65.00	159.00
365.03	97.75	65.00	159.00
376.71	97.75	65.00	159.00
394.24	98.75	64.00	156.00
419.62	100.75	63.00	153.00
436.52	100.75	63.00	153.00
460.05	98.12	60.00	147.00
477.28	99.12	59.00	144.00
498.51	101.12	58.00	141.00
514.12	101.12	58.00	141.00
541.44	101.12	58.00	141.00
557.05	101.12	58.00	141.00
583.07	101.12	58.00	141.00
603.89	101.12	58.00	141.00
589.28	96.92	57.00	139.00
599.50	97.92	56.00	136.00
608.01	94.91	55.00	133.00
603.10	99.81	55.00	133.00
608.01	99.81	55.00	133.00
608.01	97.13	54.00	131.00
608.01	97.13	54.00	131.00
608.01	97.13	54.00	131.00
609.01	93.32	53.00	128.00
599.59	98.03	53.00	128.00
607.83	107.45	53.00	128.00
613.72	99.21	53.00	128.00
608.01	102.92	54.00	131.00
612.82	107.73	54.00	131.00
617.63	98.10	54.00	131.00
608.01	107.73	54.00	131.00
603.20	107.73	54.00	131.00
612.82	107.73	54.00	131.00
622.44	102.92	54.00	131.00
606.81	106.73	55.00	133.00
601.90	106.73	55.00	133.00
606.81	106.73	55.00	133.00
606.81	106.73	55.00	133.00
606.81	106.73	55.00	133.00
606.81	108.95	54.00	131.00
606.81	110.16	54.00	131.00
601.99	114.97	54.00	131.00
607.81	115.97	53.00	128.00
607.81	115.97	53.00	128.00
607.81	116.97	52.00	126.00
607.81	116.97	52.00	126.00
607.81	116.97	52.00	126.00
607.81	116.97	52.00	126.00
607.81	116.97	52.00	126.00
607.81	116.97	52.00	126.00
604.19	118.97	50.00	123.00
599.69	118.97	50.00	123.00
608.69	118.97	50.00	123.00
608.69	122.34	50.00	123.00
604.19	122.34	50.00	123.00
604.19	127.84	50.00	121.00
604.19	122.36	50.00	123.00
608.69	122.36	50.00	123.00
599.69	125.73	50.00	123.00
608.69	125.73	50.00	123.00
608.69	125.73	50.00	123.00
604.19	125.73	50.00	123.00
604.19	125.73	50.00	123.00
608.69	125.73	50.00	123.00
608.69	125.73	50.00	123.00
608.69	126.73	50.00	121.00
613.16	126.73	50.00	121.00
616.40	127.73	49.00	118.00
607.66	127.73	49.00	118.00
612.03	127.73	49.00	118.00
612.03	127.73	49.00	118.00
612.03	127.73	49.00	118.00
612.03	127.73	49.00	118.00
616.40	127.73	49.00	118.00
612.03	127.73	49.00	118.00
616.40	124.36	48.00	116.00
612.12	128.64	48.00	116.00
612.12	128.64	48.00	116.00
612.12	124.36	48.00	116.00
607.84	128.64	48.00	116.00
612.12	124.36	48.00	116.00
612.12	124.36	48.00	116.00
613.12	129.64	47.00	114.00
607.93	128.64	48.00	116.00
612.21	128.64	48.00	116.00
608.93	129.64	47.00	114.00
613.12	129.64	47.00	114.00
612.12	128.64	48.00	116.00
612.12	124.36	48.00	116.00
612.12	124.36	48.00	116.00
612.12	124.36	48.00	116.00
612.12	124.36	48.00	116.00
612.12	124.36	48.00	116.00
612.12	119.08	49.00	118.00
612.12	119.08	49.00	118.00
607.75	120.08	48.00	116.00
613.03	121.08	47.00	114.00
613.03	121.08	47.00	114.00
613.03	123.08	46.00	111.00
613.03	119.00	46.00	111.00
